1 1 2 1 1 1 1
2 1 3 1 1 1 1
3 5 3 1 1 5 1
4 5 4 1 1 5 1
5 5 6 1 1 5 1
6 5 8 1 1 5 1
7 5 11 1 1 5 1
8 9 8 1 1 9 1
9 9 10 1 1 9 1
10 12 2 1 1 12 1
11 12 3 1 1 12 1
12 12 7 1 1 12 1
13 12 11 1 1 12 1
14 12 14 1 1 12 1
15 12 16 1 1 12 1
16 12 117 1 1 12 1
17 15 13 1 1 15 1
18 15 14 1 1 15 1
19 15 17 1 1 15 1
20 15 19 1 1 15 1
21 15 33 1 1 15 1
22 19 15 1 1 19 1
23 19 18 1 1 19 1
24 19 20 1 1 19 1
25 19 34 1 1 19 1
26 21 20 1 1 21 1
27 21 22 1 1 21 1
28 23 22 1 1 23 1
29 23 24 1 1 23 1
30 23 25 1 1 23 1
31 23 32 1 1 23 1
32 24 23 1 1 24 1
33 24 72 1 1 24 1
34 27 25 1 1 27 1
35 27 28 1 1 27 1
36 27 32 1 1 27 1
37 27 115 1 1 27 1
38 29 28 1 1 29 1
39 29 31 1 1 29 1
40 30 8 1 1 30 1
41 30 17 1 1 30 1
42 30 26 1 1 30 1
43 30 38 1 1 30 1
44 32 23 1 1 32 1
45 32 27 1 1 32 1
46 32 31 1 1 32 1
47 32 113 1 1 32 1
48 32 114 1 1 32 1
49 33 15 1 1 33 1
50 34 19 1 1 34 1
51 34 36 1 1 34 1
52 34 43 1 1 34 1
53 35 36 1 1 35 1
54 36 35 1 1 36 1
55 37 33 1 1 37 1
56 37 34 1 1 37 1
57 37 35 1 1 37 1
58 37 38 1 1 37 1
59 37 39 1 1 37 1
60 37 40 1 1 37 1
61 38 30 1 1 38 1
62 38 37 1 1 38 1
63 39 37 1 1 39 1
64 39 40 1 1 39 1
65 40 39 1 1 40 1
66 40 41 1 1 40 1
67 40 42 1 1 40 1
68 42 40 1 1 42 1
69 42 41 1 1 42 1
70 43 34 1 1 43 1
71 43 44 1 1 43 1
72 44 43 1 1 44 1
73 44 45 1 1 44 1
74 45 44 1 1 45 1
75 45 46 1 1 45 1
76 45 49 1 1 45 1
77 46 45 1 1 46 1
78 46 47 1 1 46 1
79 46 48 1 1 46 1
80 48 49 1 1 48 1
81 49 42 1 1 49 1
82 49 45 1 1 49 1
83 49 50 1 1 49 1
84 49 51 1 1 49 1
85 49 54 1 1 49 1
86 49 66 1 1 49 1
87 49 69 1 1 49 1
88 50 49 1 1 50 1
89 50 57 1 1 50 1
90 51 49 1 1 51 1
91 51 52 1 1 51 1
92 51 58 1 1 51 1
93 52 51 1 1 52 1
94 52 53 1 1 52 1
95 53 52 1 1 53 1
96 53 54 1 1 53 1
97 54 49 1 1 54 1
98 54 53 1 1 54 1
105 56 57 1 1 56 1
106 56 58 1 1 56 1
108 57 50 1 1 57 1
109 57 56 1 1 57 1
110 58 51 1 1 58 1
111 58 56 1 1 58 1
116 59 63 1 1 59 1
118 60 62 1 1 60 1
119 61 62 1 1 61 1
120 61 64 1 1 61 1
121 62 61 1 1 62 1
122 62 66 1 1 62 1
123 62 67 1 1 62 1
124 63 59 1 1 63 1
125 63 64 1 1 63 1
126 64 61 1 1 64 1
127 64 63 1 1 64 1
128 64 65 1 1 64 1
129 65 38 1 1 65 1
130 65 64 1 1 65 1
131 65 66 1 1 65 1
132 65 68 1 1 65 1
133 66 49 1 1 66 1
134 66 62 1 1 66 1
135 66 65 1 1 66 1
136 66 67 1 1 66 1
137 67 62 1 1 67 1
138 67 66 1 1 67 1
139 68 65 1 1 68 1
140 68 69 1 1 68 1
141 68 81 1 1 68 1
142 68 116 1 1 68 1
143 69 47 1 1 69 1
144 69 49 1 1 69 1
145 69 68 1 1 69 1
146 69 70 1 1 69 1
147 69 75 1 1 69 1
148 69 77 1 1 69 1
149 70 69 1 1 70 1
150 70 71 1 1 70 1
151 70 74 1 1 70 1
152 70 75 1 1 70 1
153 71 70 1 1 71 1
154 71 72 1 1 71 1
155 71 73 1 1 71 1
156 72 24 1 1 72 1
157 72 71 1 1 72 1
158 73 71 1 1 73 1
159 74 70 1 1 74 1
160 75 69 1 1 75 1
161 75 70 1 1 75 1
162 75 74 1 1 75 1
163 75 77 1 1 75 1
164 76 118 1 1 76 1
165 77 69 1 1 77 1
166 77 76 1 1 77 1
167 78 79 1 1 78 1
175 81 68 1 1 81 1
177 82 77 1 1 82 1
178 82 83 1 1 82 1
179 82 96 1 1 82 1
180 83 85 1 1 83 1
181 84 85 1 1 84 1
182 85 83 1 1 85 1
183 85 84 1 1 85 1
184 85 86 1 1 85 1
185 85 88 1 1 85 1
186 86 85 1 1 86 1
187 86 87 1 1 86 1
188 87 86 1 1 87 1
189 88 85 1 1 88 1
190 88 89 1 1 88 1
191 89 88 1 1 89 1
192 89 90 1 1 89 1
193 89 92 1 1 89 1
194 90 89 1 1 90 1
195 90 91 1 1 90 1
196 91 90 1 1 91 1
197 91 92 1 1 91 1
198 92 91 1 1 92 1
202 92 102 1 1 92 1
211 96 82 1 1 96 1
227 101 102 1 1 101 1
228 102 92 1 1 102 1
229 102 101 1 1 102 1
232 103 110 1 1 103 1
237 105 107 1 1 105 1
238 105 108 1 1 105 1
241 106 107 1 1 106 1
242 107 106 1 1 107 1
243 108 109 1 1 108 1
244 109 108 1 1 109 1
245 110 103 1 1 110 1
246 110 109 1 1 110 1
247 110 111 1 1 110 1
248 112 110 1 1 112 1
249 116 68 1 1 116 1
250 118 75 1 1 118 1
251 118 76 1 1 118 1
252 1 1 1 2 1 1
253 5 5 1 2 5 1
254 9 9 1 2 9 1
255 12 12 1 2 12 1
256 15 15 1 2 15 1
257 19 19 1 2 19 1
258 21 21 1 2 21 1
259 23 23 1 2 23 1
260 24 24 1 2 24 1
261 27 27 1 2 27 1
262 29 29 1 2 29 1
263 30 30 1 2 30 1
264 32 32 1 2 32 1
265 33 33 1 2 33 1
266 34 34 1 2 34 1
267 35 35 1 2 35 1
268 36 36 1 2 36 1
269 37 37 1 2 37 1
270 38 38 1 2 38 1
271 39 39 1 2 39 1
272 41 41 1 2 41 1
273 42 42 1 2 42 1
274 43 43 1 2 43 1
275 45 45 1 2 45 1
276 46 46 1 2 46 1
277 47 47 1 2 47 1
278 48 48 1 2 48 1
279 49 49 1 2 49 1
280 50 50 1 2 50 1
281 52 52 1 2 52 1
282 53 53 1 2 53 1
283 57 57 1 2 57 1
287 62 62 1 2 62 1
288 63 63 1 2 63 1
289 65 65 1 2 65 1
290 66 66 1 2 66 1
291 67 67 1 2 67 1
292 68 68 1 2 68 1
293 69 69 1 2 69 1
294 70 70 1 2 70 1
295 71 71 1 2 71 1
296 72 72 1 2 72 1
297 73 73 1 2 73 1
298 74 74 1 2 74 1
299 75 75 1 2 75 1
300 76 76 1 2 76 1
302 78 78 1 2 78 1
306 82 82 1 2 82 1
307 83 83 1 2 83 1
308 85 85 1 2 85 1
309 86 86 1 2 86 1
310 87 87 1 2 87 1
311 88 88 1 2 88 1
312 89 89 1 2 89 1
313 90 90 1 2 90 1
314 91 91 1 2 91 1
324 102 102 1 2 102 1
327 108 108 1 2 108 1
328 109 109 1 2 109 1
329 110 110 1 2 110 1
330 111 111 1 2 111 1
331 112 112 1 2 112 1
332 116 116 1 2 116 1
333 118 118 1 2 118 1
