85 49 54 1 1 49 1
96 53 54 1 1 53 1
97 54 49 1 1 54 1
98 54 53 1 1 54 1
99 54 56 1 1 54 1
100 54 59 1 1 54 1
101 55 56 1 1 55 1
102 55 59 1 1 55 1
103 56 54 1 1 56 1
104 56 55 1 1 56 1
105 56 57 1 1 56 1
106 56 58 1 1 56 1
107 56 59 1 1 56 1
109 57 56 1 1 57 1
111 58 56 1 1 58 1
112 59 54 1 1 59 1
113 59 55 1 1 59 1
114 59 60 1 1 59 1
115 59 61 1 1 59 1
116 59 63 1 1 59 1
117 60 59 1 1 60 1
118 60 62 1 1 60 1
119 61 62 1 1 61 1
120 61 64 1 1 61 1
121 62 61 1 1 62 1
124 63 59 1 1 63 1
126 64 61 1 1 64 1
284 59 59 1 2 59 1
285 60 60 1 2 60 1
286 61 61 1 2 61 1
