141 68 81 1 1 68 1
148 69 77 1 1 69 1
163 75 77 1 1 75 1
165 77 69 1 1 77 1
166 77 76 1 1 77 1
167 78 79 1 1 78 1
168 79 80 1 1 79 1
169 80 77 1 1 80 1
170 80 79 1 1 80 1
171 80 96 1 1 80 1
172 80 97 1 1 80 1
173 80 98 1 1 80 1
174 80 99 1 1 80 1
175 81 68 1 1 81 1
176 81 80 1 1 81 1
177 82 77 1 1 82 1
179 82 96 1 1 82 1
193 89 92 1 1 89 1
197 91 92 1 1 91 1
198 92 91 1 1 92 1
199 92 93 1 1 92 1
200 92 94 1 1 92 1
201 92 100 1 1 92 1
202 92 102 1 1 92 1
203 93 92 1 1 93 1
204 93 94 1 1 93 1
205 94 92 1 1 94 1
206 94 93 1 1 94 1
207 94 95 1 1 94 1
208 94 100 1 1 94 1
209 95 94 1 1 95 1
210 96 80 1 1 96 1
211 96 82 1 1 96 1
212 96 94 1 1 96 1
213 96 95 1 1 96 1
214 96 97 1 1 96 1
215 98 80 1 1 98 1
216 99 80 1 1 99 1
217 99 100 1 1 99 1
218 100 92 1 1 100 1
219 100 94 1 1 100 1
220 100 98 1 1 100 1
221 100 99 1 1 100 1
222 100 101 1 1 100 1
223 100 103 1 1 100 1
224 100 104 1 1 100 1
225 100 106 1 1 100 1
226 101 100 1 1 101 1
227 101 102 1 1 101 1
228 102 92 1 1 102 1
229 102 101 1 1 102 1
230 103 104 1 1 103 1
231 103 105 1 1 103 1
232 103 110 1 1 103 1
233 104 100 1 1 104 1
234 104 103 1 1 104 1
235 104 105 1 1 104 1
236 105 103 1 1 105 1
237 105 107 1 1 105 1
238 105 108 1 1 105 1
239 106 100 1 1 106 1
240 106 105 1 1 106 1
241 106 107 1 1 106 1
242 107 106 1 1 107 1
245 110 103 1 1 110 1
301 77 77 1 2 77 1
303 79 79 1 2 79 1
304 80 80 1 2 80 1
305 81 81 1 2 81 1
315 92 92 1 2 92 1
316 93 93 1 2 93 1
317 94 94 1 2 94 1
318 95 95 1 2 95 1
319 96 96 1 2 96 1
320 97 97 1 2 97 1
321 98 98 1 2 98 1
322 99 99 1 2 99 1
323 101 101 1 2 101 1
325 103 103 1 2 103 1
326 104 104 1 2 104 1
