1 1 2 1 1 1 1
2 1 3 1 1 1 1
3 5 3 1 1 5 1
4 5 4 1 1 5 1
5 5 6 1 1 5 1
6 5 8 1 1 5 1
7 5 11 1 1 5 1
8 9 8 1 1 9 1
9 9 10 1 1 9 1
10 12 2 1 1 12 1
11 12 3 1 1 12 1
12 12 7 1 1 12 1
13 12 11 1 1 12 1
14 12 14 1 1 12 1
15 12 16 1 1 12 1
16 12 117 1 1 12 1
17 15 13 1 1 15 1
18 15 14 1 1 15 1
19 15 17 1 1 15 1
20 15 19 1 1 15 1
21 15 33 1 1 15 1
22 19 15 1 1 19 1
23 19 18 1 1 19 1
24 19 20 1 1 19 1
25 19 34 1 1 19 1
26 21 20 1 1 21 1
27 21 22 1 1 21 1
28 23 22 1 1 23 1
29 23 24 1 1 23 1
30 23 25 1 1 23 1
31 23 32 1 1 23 1
34 27 25 1 1 27 1
35 27 28 1 1 27 1
36 27 32 1 1 27 1
37 27 115 1 1 27 1
38 28 27 1 1 28 1
39 28 29 1 1 28 1
40 29 28 1 1 29 1
41 29 31 1 1 29 1
42 30 8 1 1 30 1
43 30 17 1 1 30 1
44 30 26 1 1 30 1
45 30 38 1 1 30 1
46 32 23 1 1 32 1
47 32 27 1 1 32 1
48 32 31 1 1 32 1
49 32 113 1 1 32 1
50 32 114 1 1 32 1
51 33 15 1 1 33 1
246 114 32 1 1 114 1
247 114 115 1 1 114 1
248 115 27 1 1 115 1
249 115 114 1 1 115 1
251 117 12 1 1 117 1
254 1 1 1 2 1 1
255 5 5 1 2 5 1
256 9 9 1 2 9 1
257 12 12 1 2 12 1
258 15 15 1 2 15 1
259 19 19 1 2 19 1
260 21 21 1 2 21 1
261 23 23 1 2 23 1
263 27 27 1 2 27 1
264 28 28 1 2 28 1
265 29 29 1 2 29 1
266 30 30 1 2 30 1
267 32 32 1 2 32 1
329 114 114 1 2 114 1
330 115 115 1 2 115 1
332 117 117 1 2 117 1
