29 23 24 1 1 23 1
32 24 70 1 1 24 1
33 24 72 1 1 24 1
114 68 81 1 1 68 1
116 70 24 1 1 70 1
117 70 69 1 1 70 1
118 70 71 1 1 70 1
119 70 74 1 1 70 1
120 70 75 1 1 70 1
121 71 70 1 1 71 1
122 71 72 1 1 71 1
123 71 73 1 1 71 1
124 72 24 1 1 72 1
125 72 71 1 1 72 1
126 73 71 1 1 73 1
127 74 70 1 1 74 1
128 74 75 1 1 74 1
129 75 69 1 1 75 1
130 75 70 1 1 75 1
131 75 74 1 1 75 1
132 75 77 1 1 75 1
133 75 118 1 1 75 1
134 76 77 1 1 76 1
135 76 118 1 1 76 1
136 77 69 1 1 77 1
137 77 75 1 1 77 1
138 77 76 1 1 77 1
139 77 78 1 1 77 1
140 77 80 1 1 77 1
141 77 82 1 1 77 1
142 78 77 1 1 78 1
143 78 79 1 1 78 1
144 79 78 1 1 79 1
145 79 80 1 1 79 1
146 80 77 1 1 80 1
147 80 79 1 1 80 1
148 80 81 1 1 80 1
149 80 96 1 1 80 1
150 80 97 1 1 80 1
151 80 98 1 1 80 1
152 80 99 1 1 80 1
153 81 68 1 1 81 1
154 81 80 1 1 81 1
155 82 77 1 1 82 1
156 82 83 1 1 82 1
157 82 96 1 1 82 1
158 83 82 1 1 83 1
159 83 84 1 1 83 1
160 83 85 1 1 83 1
161 84 83 1 1 84 1
162 84 85 1 1 84 1
163 85 83 1 1 85 1
164 85 84 1 1 85 1
165 85 86 1 1 85 1
166 85 88 1 1 85 1
167 85 89 1 1 85 1
168 86 85 1 1 86 1
169 86 87 1 1 86 1
170 87 86 1 1 87 1
171 88 85 1 1 88 1
172 88 89 1 1 88 1
173 89 85 1 1 89 1
174 89 88 1 1 89 1
175 89 90 1 1 89 1
176 89 92 1 1 89 1
177 90 89 1 1 90 1
178 90 91 1 1 90 1
179 91 90 1 1 91 1
180 91 92 1 1 91 1
181 92 89 1 1 92 1
182 92 91 1 1 92 1
183 92 93 1 1 92 1
184 92 94 1 1 92 1
185 92 100 1 1 92 1
186 92 102 1 1 92 1
187 93 92 1 1 93 1
188 93 94 1 1 93 1
189 94 92 1 1 94 1
190 94 93 1 1 94 1
191 94 95 1 1 94 1
192 94 96 1 1 94 1
193 94 100 1 1 94 1
194 95 94 1 1 95 1
195 95 96 1 1 95 1
196 96 80 1 1 96 1
197 96 82 1 1 96 1
198 96 94 1 1 96 1
199 96 95 1 1 96 1
200 96 97 1 1 96 1
201 97 80 1 1 97 1
202 97 96 1 1 97 1
203 98 80 1 1 98 1
204 98 100 1 1 98 1
205 99 80 1 1 99 1
206 99 100 1 1 99 1
207 100 92 1 1 100 1
208 100 94 1 1 100 1
209 100 98 1 1 100 1
210 100 99 1 1 100 1
211 100 101 1 1 100 1
212 100 103 1 1 100 1
213 100 104 1 1 100 1
214 100 106 1 1 100 1
215 101 100 1 1 101 1
216 101 102 1 1 101 1
217 102 92 1 1 102 1
218 102 101 1 1 102 1
219 103 100 1 1 103 1
220 103 104 1 1 103 1
221 103 105 1 1 103 1
222 103 110 1 1 103 1
223 104 100 1 1 104 1
224 104 103 1 1 104 1
225 104 105 1 1 104 1
226 105 103 1 1 105 1
227 105 104 1 1 105 1
228 105 106 1 1 105 1
229 105 107 1 1 105 1
230 105 108 1 1 105 1
231 106 100 1 1 106 1
232 106 105 1 1 106 1
233 106 107 1 1 106 1
234 107 105 1 1 107 1
235 107 106 1 1 107 1
236 108 105 1 1 108 1
237 108 109 1 1 108 1
238 109 108 1 1 109 1
239 109 110 1 1 109 1
240 110 103 1 1 110 1
241 110 109 1 1 110 1
242 110 111 1 1 110 1
243 110 112 1 1 110 1
244 111 110 1 1 111 1
245 112 110 1 1 112 1
252 118 75 1 1 118 1
253 118 76 1 1 118 1
262 24 24 1 2 24 1
287 70 70 1 2 70 1
288 71 71 1 2 71 1
289 72 72 1 2 72 1
290 73 73 1 2 73 1
291 75 75 1 2 75 1
292 76 76 1 2 76 1
293 77 77 1 2 77 1
294 78 78 1 2 78 1
295 79 79 1 2 79 1
296 80 80 1 2 80 1
297 81 81 1 2 81 1
298 82 82 1 2 82 1
299 83 83 1 2 83 1
300 84 84 1 2 84 1
301 85 85 1 2 85 1
302 86 86 1 2 86 1
303 87 87 1 2 87 1
304 88 88 1 2 88 1
305 89 89 1 2 89 1
306 90 90 1 2 90 1
307 91 91 1 2 91 1
308 92 92 1 2 92 1
309 93 93 1 2 93 1
310 94 94 1 2 94 1
311 95 95 1 2 95 1
312 96 96 1 2 96 1
313 97 97 1 2 97 1
314 98 98 1 2 98 1
315 99 99 1 2 99 1
316 100 100 1 2 100 1
317 101 101 1 2 101 1
318 102 102 1 2 102 1
319 103 103 1 2 103 1
320 104 104 1 2 104 1
321 105 105 1 2 105 1
322 106 106 1 2 106 1
323 107 107 1 2 107 1
324 108 108 1 2 108 1
325 109 109 1 2 109 1
326 110 110 1 2 110 1
327 111 111 1 2 111 1
328 112 112 1 2 112 1
333 118 118 1 2 118 1
