1 1 2 1 1 1 1
2 1 3 1 1 1 1
3 2 1 1 1 2 1
4 2 12 1 1 2 1
5 3 12 1 1 3 1
6 4 11 1 1 4 1
7 5 4 1 1 5 1
8 5 11 1 1 5 1
9 6 5 1 1 6 1
10 6 7 1 1 6 1
11 7 6 1 1 7 1
12 7 12 1 1 7 1
13 8 30 1 1 8 1
14 9 8 1 1 9 1
15 10 9 1 1 10 1
16 11 5 1 1 11 1
17 11 12 1 1 11 1
18 11 13 1 1 11 1
19 12 2 1 1 12 1
20 12 3 1 1 12 1
21 12 7 1 1 12 1
22 12 16 1 1 12 1
23 13 15 1 1 13 1
24 14 12 1 1 14 1
25 14 15 1 1 14 1
26 15 13 1 1 15 1
27 15 14 1 1 15 1
28 15 19 1 1 15 1
29 16 12 1 1 16 1
30 17 15 1 1 17 1
31 17 31 1 1 17 1
32 18 19 1 1 18 1
33 19 15 1 1 19 1
34 19 34 1 1 19 1
35 20 19 1 1 20 1
36 20 21 1 1 20 1
37 21 20 1 1 21 1
38 21 22 1 1 21 1
39 23 22 1 1 23 1
40 23 24 1 1 23 1
41 23 25 1 1 23 1
42 24 23 1 1 24 1
43 24 70 1 1 24 1
44 24 72 1 1 24 1
45 25 27 1 1 25 1
46 26 25 1 1 26 1
47 26 30 1 1 26 1
48 27 28 1 1 27 1
49 27 32 1 1 27 1
50 27 115 1 1 27 1
51 28 27 1 1 28 1
52 28 29 1 1 28 1
53 29 28 1 1 29 1
54 30 8 1 1 30 1
55 30 26 1 1 30 1
56 30 38 1 1 30 1
57 31 17 1 1 31 1
58 31 32 1 1 31 1
59 32 23 1 1 32 1
60 32 31 1 1 32 1
61 32 113 1 1 32 1
62 32 114 1 1 32 1
63 33 15 1 1 33 1
64 33 37 1 1 33 1
65 34 36 1 1 34 1
66 34 37 1 1 34 1
67 34 43 1 1 34 1
68 35 36 1 1 35 1
69 36 34 1 1 36 1
70 37 33 1 1 37 1
71 37 34 1 1 37 1
72 37 38 1 1 37 1
73 37 40 1 1 37 1
74 38 30 1 1 38 1
75 38 37 1 1 38 1
76 38 65 1 1 38 1
77 39 40 1 1 39 1
78 40 39 1 1 40 1
79 40 41 1 1 40 1
80 40 42 1 1 40 1
81 41 42 1 1 41 1
82 42 40 1 1 42 1
83 42 41 1 1 42 1
84 42 49 1 1 42 1
85 43 34 1 1 43 1
86 43 44 1 1 43 1
87 44 43 1 1 44 1
88 44 45 1 1 44 1
89 45 44 1 1 45 1
90 45 46 1 1 45 1
91 45 49 1 1 45 1
92 46 47 1 1 46 1
93 46 48 1 1 46 1
94 47 49 1 1 47 1
95 47 69 1 1 47 1
96 48 46 1 1 48 1
97 48 49 1 1 48 1
98 49 42 1 1 49 1
99 49 50 1 1 49 1
100 49 51 1 1 49 1
101 49 54 1 1 49 1
102 49 66 1 1 49 1
103 50 57 1 1 50 1
104 51 49 1 1 51 1
105 51 58 1 1 51 1
106 54 49 1 1 54 1
107 54 55 1 1 54 1
108 54 56 1 1 54 1
109 54 59 1 1 54 1
110 55 54 1 1 55 1
111 55 56 1 1 55 1
112 55 59 1 1 55 1
113 56 54 1 1 56 1
114 56 55 1 1 56 1
115 56 57 1 1 56 1
116 56 58 1 1 56 1
117 56 59 1 1 56 1
118 57 50 1 1 57 1
119 57 56 1 1 57 1
120 58 56 1 1 58 1
121 59 54 1 1 59 1
122 59 63 1 1 59 1
123 60 61 1 1 60 1
124 60 62 1 1 60 1
125 61 59 1 1 61 1
126 61 60 1 1 61 1
127 62 61 1 1 62 1
128 62 66 1 1 62 1
129 64 61 1 1 64 1
130 64 63 1 1 64 1
131 64 65 1 1 64 1
132 65 38 1 1 65 1
133 65 64 1 1 65 1
134 65 66 1 1 65 1
135 66 49 1 1 66 1
136 66 62 1 1 66 1
137 66 67 1 1 66 1
138 67 62 1 1 67 1
139 68 65 1 1 68 1
140 68 116 1 1 68 1
141 69 68 1 1 69 1
142 69 70 1 1 69 1
143 69 75 1 1 69 1
144 69 77 1 1 69 1
145 70 24 1 1 70 1
146 70 71 1 1 70 1
147 70 74 1 1 70 1
148 70 75 1 1 70 1
149 71 70 1 1 71 1
150 72 24 1 1 72 1
151 72 71 1 1 72 1
152 73 71 1 1 73 1
153 74 70 1 1 74 1
154 75 69 1 1 75 1
155 75 70 1 1 75 1
156 75 74 1 1 75 1
157 75 77 1 1 75 1
158 76 77 1 1 76 1
159 76 118 1 1 76 1
160 77 69 1 1 77 1
161 77 76 1 1 77 1
162 77 78 1 1 77 1
163 77 80 1 1 77 1
164 78 77 1 1 78 1
165 78 79 1 1 78 1
166 79 78 1 1 79 1
167 79 80 1 1 79 1
168 80 77 1 1 80 1
169 80 79 1 1 80 1
170 80 81 1 1 80 1
171 80 96 1 1 80 1
172 80 98 1 1 80 1
173 80 99 1 1 80 1
174 81 80 1 1 81 1
175 82 77 1 1 82 1
176 82 96 1 1 82 1
177 83 82 1 1 83 1
178 83 84 1 1 83 1
179 83 85 1 1 83 1
180 84 83 1 1 84 1
181 84 85 1 1 84 1
182 85 83 1 1 85 1
183 85 84 1 1 85 1
184 85 86 1 1 85 1
185 85 88 1 1 85 1
186 85 89 1 1 85 1
187 87 86 1 1 87 1
188 88 85 1 1 88 1
189 89 85 1 1 89 1
190 89 88 1 1 89 1
191 89 92 1 1 89 1
192 90 89 1 1 90 1
193 90 91 1 1 90 1
194 91 90 1 1 91 1
195 91 92 1 1 91 1
196 92 89 1 1 92 1
197 92 91 1 1 92 1
198 92 93 1 1 92 1
199 92 100 1 1 92 1
200 93 94 1 1 93 1
201 94 92 1 1 94 1
202 94 93 1 1 94 1
203 94 96 1 1 94 1
204 95 96 1 1 95 1
205 96 80 1 1 96 1
206 96 94 1 1 96 1
207 96 97 1 1 96 1
208 97 80 1 1 97 1
209 98 100 1 1 98 1
210 99 80 1 1 99 1
211 99 100 1 1 99 1
212 100 92 1 1 100 1
213 100 94 1 1 100 1
214 100 98 1 1 100 1
215 100 99 1 1 100 1
216 100 101 1 1 100 1
217 100 103 1 1 100 1
218 100 104 1 1 100 1
219 100 106 1 1 100 1
220 101 100 1 1 101 1
221 101 102 1 1 101 1
222 102 92 1 1 102 1
223 103 100 1 1 103 1
224 103 104 1 1 103 1
225 103 105 1 1 103 1
226 103 110 1 1 103 1
227 104 105 1 1 104 1
228 105 103 1 1 105 1
229 105 106 1 1 105 1
230 105 107 1 1 105 1
231 106 100 1 1 106 1
232 106 105 1 1 106 1
233 107 105 1 1 107 1
234 107 106 1 1 107 1
235 109 108 1 1 109 1
236 109 110 1 1 109 1
237 110 109 1 1 110 1
238 110 111 1 1 110 1
239 110 112 1 1 110 1
240 111 110 1 1 111 1
241 113 17 1 1 113 1
242 114 32 1 1 114 1
243 114 115 1 1 114 1
244 115 114 1 1 115 1
245 116 68 1 1 116 1
246 117 12 1 1 117 1
247 118 75 1 1 118 1
248 1 1 1 2 1 1
249 2 2 1 2 2 1
250 4 4 1 2 4 1
251 5 5 1 2 5 1
252 6 6 1 2 6 1
253 8 8 1 2 8 1
254 10 10 1 2 10 1
255 11 11 1 2 11 1
256 12 12 1 2 12 1
257 13 13 1 2 13 1
258 15 15 1 2 15 1
259 16 16 1 2 16 1
260 18 18 1 2 18 1
261 21 21 1 2 21 1
262 22 22 1 2 22 1
263 23 23 1 2 23 1
264 24 24 1 2 24 1
265 25 25 1 2 25 1
266 26 26 1 2 26 1
267 27 27 1 2 27 1
268 28 28 1 2 28 1
269 32 32 1 2 32 1
270 33 33 1 2 33 1
271 35 35 1 2 35 1
272 37 37 1 2 37 1
273 38 38 1 2 38 1
274 39 39 1 2 39 1
275 40 40 1 2 40 1
276 41 41 1 2 41 1
277 43 43 1 2 43 1
278 44 44 1 2 44 1
279 46 46 1 2 46 1
280 47 47 1 2 47 1
281 48 48 1 2 48 1
282 49 49 1 2 49 1
283 50 50 1 2 50 1
284 51 51 1 2 51 1
285 52 52 1 2 52 1
286 54 54 1 2 54 1
287 55 55 1 2 55 1
288 58 58 1 2 58 1
289 59 59 1 2 59 1
290 61 61 1 2 61 1
291 62 62 1 2 62 1
292 63 63 1 2 63 1
293 65 65 1 2 65 1
294 66 66 1 2 66 1
295 67 67 1 2 67 1
296 69 69 1 2 69 1
297 70 70 1 2 70 1
298 71 71 1 2 71 1
299 72 72 1 2 72 1
300 74 74 1 2 74 1
301 75 75 1 2 75 1
302 76 76 1 2 76 1
303 77 77 1 2 77 1
304 78 78 1 2 78 1
305 79 79 1 2 79 1
306 80 80 1 2 80 1
307 81 81 1 2 81 1
308 83 83 1 2 83 1
309 84 84 1 2 84 1
310 85 85 1 2 85 1
311 86 86 1 2 86 1
312 88 88 1 2 88 1
313 89 89 1 2 89 1
314 90 90 1 2 90 1
315 91 91 1 2 91 1
316 92 92 1 2 92 1
317 93 93 1 2 93 1
318 94 94 1 2 94 1
319 95 95 1 2 95 1
320 96 96 1 2 96 1
321 98 98 1 2 98 1
322 100 100 1 2 100 1
323 102 102 1 2 102 1
324 103 103 1 2 103 1
325 105 105 1 2 105 1
326 107 107 1 2 107 1
327 108 108 1 2 108 1
328 109 109 1 2 109 1
329 110 110 1 2 110 1
330 112 112 1 2 112 1
331 114 114 1 2 114 1
332 115 115 1 2 115 1
333 117 117 1 2 117 1
