1 1 3 1 1 1 1
2 2 12 1 1 2 1
3 3 1 1 1 3 1
4 3 5 1 1 3 1
5 4 5 1 1 4 1
6 4 11 1 1 4 1
7 5 3 1 1 5 1
8 5 4 1 1 5 1
9 5 6 1 1 5 1
10 5 8 1 1 5 1
11 6 5 1 1 6 1
12 6 7 1 1 6 1
13 7 6 1 1 7 1
14 7 12 1 1 7 1
15 8 5 1 1 8 1
16 8 9 1 1 8 1
17 8 30 1 1 8 1
18 9 8 1 1 9 1
19 9 10 1 1 9 1
20 10 9 1 1 10 1
21 11 5 1 1 11 1
22 11 12 1 1 11 1
23 11 13 1 1 11 1
24 12 2 1 1 12 1
25 12 7 1 1 12 1
26 12 11 1 1 12 1
27 12 14 1 1 12 1
28 12 16 1 1 12 1
29 12 117 1 1 12 1
30 13 11 1 1 13 1
31 13 15 1 1 13 1
32 15 14 1 1 15 1
33 15 17 1 1 15 1
34 15 33 1 1 15 1
35 16 12 1 1 16 1
36 17 15 1 1 17 1
37 17 16 1 1 17 1
38 17 18 1 1 17 1
39 17 113 1 1 17 1
40 18 17 1 1 18 1
41 18 19 1 1 18 1
42 19 15 1 1 19 1
43 19 18 1 1 19 1
44 19 34 1 1 19 1
45 20 19 1 1 20 1
46 20 21 1 1 20 1
47 21 22 1 1 21 1
48 23 22 1 1 23 1
49 23 24 1 1 23 1
50 24 23 1 1 24 1
51 24 72 1 1 24 1
52 25 23 1 1 25 1
53 25 26 1 1 25 1
54 25 27 1 1 25 1
55 26 25 1 1 26 1
56 26 30 1 1 26 1
57 27 25 1 1 27 1
58 27 28 1 1 27 1
59 29 28 1 1 29 1
60 29 31 1 1 29 1
61 30 8 1 1 30 1
62 30 17 1 1 30 1
63 30 26 1 1 30 1
64 30 38 1 1 30 1
65 31 17 1 1 31 1
66 31 29 1 1 31 1
67 32 23 1 1 32 1
68 32 113 1 1 32 1
69 33 15 1 1 33 1
70 33 37 1 1 33 1
71 34 19 1 1 34 1
72 34 36 1 1 34 1
73 34 43 1 1 34 1
74 35 37 1 1 35 1
75 36 35 1 1 36 1
76 37 33 1 1 37 1
77 37 34 1 1 37 1
78 37 35 1 1 37 1
79 37 39 1 1 37 1
80 37 40 1 1 37 1
81 38 30 1 1 38 1
82 38 37 1 1 38 1
83 39 40 1 1 39 1
84 40 41 1 1 40 1
85 40 42 1 1 40 1
86 41 42 1 1 41 1
87 42 40 1 1 42 1
88 42 41 1 1 42 1
89 44 43 1 1 44 1
90 44 45 1 1 44 1
91 45 46 1 1 45 1
92 45 49 1 1 45 1
93 46 47 1 1 46 1
94 46 48 1 1 46 1
95 47 46 1 1 47 1
96 47 69 1 1 47 1
97 48 46 1 1 48 1
98 48 49 1 1 48 1
99 49 42 1 1 49 1
100 49 48 1 1 49 1
101 49 50 1 1 49 1
102 49 54 1 1 49 1
103 49 69 1 1 49 1
104 51 52 1 1 51 1
105 52 51 1 1 52 1
106 52 53 1 1 52 1
107 54 49 1 1 54 1
108 54 53 1 1 54 1
109 54 55 1 1 54 1
110 54 59 1 1 54 1
111 55 54 1 1 55 1
112 55 56 1 1 55 1
113 55 59 1 1 55 1
114 56 54 1 1 56 1
115 57 56 1 1 57 1
116 58 51 1 1 58 1
117 59 54 1 1 59 1
118 59 55 1 1 59 1
119 59 56 1 1 59 1
120 59 61 1 1 59 1
121 59 63 1 1 59 1
122 60 59 1 1 60 1
123 60 61 1 1 60 1
124 61 59 1 1 61 1
125 61 62 1 1 61 1
126 62 60 1 1 62 1
127 62 61 1 1 62 1
128 62 66 1 1 62 1
129 62 67 1 1 62 1
130 63 64 1 1 63 1
131 64 61 1 1 64 1
132 64 65 1 1 64 1
133 65 38 1 1 65 1
134 65 64 1 1 65 1
135 65 66 1 1 65 1
136 65 68 1 1 65 1
137 66 65 1 1 66 1
138 66 67 1 1 66 1
139 67 62 1 1 67 1
140 67 66 1 1 67 1
141 68 65 1 1 68 1
142 68 81 1 1 68 1
143 68 116 1 1 68 1
144 69 68 1 1 69 1
145 69 70 1 1 69 1
146 69 75 1 1 69 1
147 69 77 1 1 69 1
148 70 24 1 1 70 1
149 70 69 1 1 70 1
150 70 71 1 1 70 1
151 70 75 1 1 70 1
152 71 70 1 1 71 1
153 71 72 1 1 71 1
154 71 73 1 1 71 1
155 72 71 1 1 72 1
156 73 71 1 1 73 1
157 74 75 1 1 74 1
158 75 69 1 1 75 1
159 75 70 1 1 75 1
160 75 74 1 1 75 1
161 75 118 1 1 75 1
162 76 77 1 1 76 1
163 76 118 1 1 76 1
164 77 76 1 1 77 1
165 77 82 1 1 77 1
166 78 79 1 1 78 1
167 79 80 1 1 79 1
168 80 77 1 1 80 1
169 80 96 1 1 80 1
170 80 97 1 1 80 1
171 80 98 1 1 80 1
172 80 99 1 1 80 1
173 81 80 1 1 81 1
174 82 77 1 1 82 1
175 82 83 1 1 82 1
176 82 96 1 1 82 1
177 83 82 1 1 83 1
178 83 84 1 1 83 1
179 83 85 1 1 83 1
180 84 83 1 1 84 1
181 84 85 1 1 84 1
182 85 83 1 1 85 1
183 85 86 1 1 85 1
184 85 89 1 1 85 1
185 86 85 1 1 86 1
186 86 87 1 1 86 1
187 87 86 1 1 87 1
188 88 85 1 1 88 1
189 88 89 1 1 88 1
190 89 85 1 1 89 1
191 89 88 1 1 89 1
192 90 91 1 1 90 1
193 92 89 1 1 92 1
194 92 91 1 1 92 1
195 92 93 1 1 92 1
196 92 94 1 1 92 1
197 92 102 1 1 92 1
198 93 92 1 1 93 1
199 93 94 1 1 93 1
200 94 92 1 1 94 1
201 94 100 1 1 94 1
202 96 82 1 1 96 1
203 96 95 1 1 96 1
204 96 97 1 1 96 1
205 97 80 1 1 97 1
206 97 96 1 1 97 1
207 98 80 1 1 98 1
208 98 100 1 1 98 1
209 99 80 1 1 99 1
210 99 100 1 1 99 1
211 100 99 1 1 100 1
212 100 104 1 1 100 1
213 101 100 1 1 101 1
214 101 102 1 1 101 1
215 102 92 1 1 102 1
216 102 101 1 1 102 1
217 103 100 1 1 103 1
218 103 104 1 1 103 1
219 103 105 1 1 103 1
220 103 110 1 1 103 1
221 104 100 1 1 104 1
222 104 105 1 1 104 1
223 105 103 1 1 105 1
224 105 104 1 1 105 1
225 105 106 1 1 105 1
226 105 108 1 1 105 1
227 106 100 1 1 106 1
228 106 107 1 1 106 1
229 107 105 1 1 107 1
230 107 106 1 1 107 1
231 108 105 1 1 108 1
232 108 109 1 1 108 1
233 109 110 1 1 109 1
234 110 103 1 1 110 1
235 110 109 1 1 110 1
236 110 111 1 1 110 1
237 110 112 1 1 110 1
238 111 110 1 1 111 1
239 112 110 1 1 112 1
240 113 17 1 1 113 1
241 113 32 1 1 113 1
242 114 115 1 1 114 1
243 115 27 1 1 115 1
244 116 68 1 1 116 1
245 118 75 1 1 118 1
246 118 76 1 1 118 1
247 1 1 1 2 1 1
248 2 2 1 2 2 1
249 3 3 1 2 3 1
250 4 4 1 2 4 1
251 5 5 1 2 5 1
252 6 6 1 2 6 1
253 7 7 1 2 7 1
254 8 8 1 2 8 1
255 9 9 1 2 9 1
256 10 10 1 2 10 1
257 11 11 1 2 11 1
258 12 12 1 2 12 1
259 13 13 1 2 13 1
260 14 14 1 2 14 1
261 15 15 1 2 15 1
262 16 16 1 2 16 1
263 18 18 1 2 18 1
264 19 19 1 2 19 1
265 20 20 1 2 20 1
266 23 23 1 2 23 1
267 24 24 1 2 24 1
268 25 25 1 2 25 1
269 26 26 1 2 26 1
270 28 28 1 2 28 1
271 29 29 1 2 29 1
272 30 30 1 2 30 1
273 31 31 1 2 31 1
274 32 32 1 2 32 1
275 34 34 1 2 34 1
276 35 35 1 2 35 1
277 37 37 1 2 37 1
278 38 38 1 2 38 1
279 39 39 1 2 39 1
280 40 40 1 2 40 1
281 41 41 1 2 41 1
282 43 43 1 2 43 1
283 44 44 1 2 44 1
284 45 45 1 2 45 1
285 46 46 1 2 46 1
286 47 47 1 2 47 1
287 48 48 1 2 48 1
288 51 51 1 2 51 1
289 53 53 1 2 53 1
290 55 55 1 2 55 1
291 57 57 1 2 57 1
292 59 59 1 2 59 1
293 60 60 1 2 60 1
294 65 65 1 2 65 1
295 66 66 1 2 66 1
296 67 67 1 2 67 1
297 68 68 1 2 68 1
298 69 69 1 2 69 1
299 71 71 1 2 71 1
300 73 73 1 2 73 1
301 74 74 1 2 74 1
302 75 75 1 2 75 1
303 76 76 1 2 76 1
304 79 79 1 2 79 1
305 80 80 1 2 80 1
306 81 81 1 2 81 1
307 83 83 1 2 83 1
308 84 84 1 2 84 1
309 85 85 1 2 85 1
310 86 86 1 2 86 1
311 87 87 1 2 87 1
312 88 88 1 2 88 1
313 89 89 1 2 89 1
314 90 90 1 2 90 1
315 92 92 1 2 92 1
316 93 93 1 2 93 1
317 95 95 1 2 95 1
318 96 96 1 2 96 1
319 97 97 1 2 97 1
320 98 98 1 2 98 1
321 99 99 1 2 99 1
322 100 100 1 2 100 1
323 102 102 1 2 102 1
324 103 103 1 2 103 1
325 104 104 1 2 104 1
326 105 105 1 2 105 1
327 107 107 1 2 107 1
328 108 108 1 2 108 1
329 110 110 1 2 110 1
330 115 115 1 2 115 1
331 116 116 1 2 116 1
332 117 117 1 2 117 1
333 118 118 1 2 118 1
