17 8 30 1 1 8 1
31 13 15 1 1 13 1
32 15 14 1 1 15 1
33 15 17 1 1 15 1
34 15 33 1 1 15 1
36 17 15 1 1 17 1
41 18 19 1 1 18 1
42 19 15 1 1 19 1
43 19 18 1 1 19 1
44 19 34 1 1 19 1
45 20 19 1 1 20 1
56 26 30 1 1 26 1
61 30 8 1 1 30 1
62 30 17 1 1 30 1
63 30 26 1 1 30 1
64 30 38 1 1 30 1
69 33 15 1 1 33 1
70 33 37 1 1 33 1
71 34 19 1 1 34 1
72 34 36 1 1 34 1
73 34 43 1 1 34 1
76 37 33 1 1 37 1
77 37 34 1 1 37 1
81 38 30 1 1 38 1
82 38 37 1 1 38 1
133 65 38 1 1 65 1
148 70 24 1 1 70 1
261 15 15 1 2 15 1
264 19 19 1 2 19 1
272 30 30 1 2 30 1
275 34 34 1 2 34 1
278 38 38 1 2 38 1
