18 8 30 1 1 8 1
31 13 15 1 1 13 1
33 14 15 1 1 14 1
34 15 13 1 1 15 1
35 15 14 1 1 15 1
36 15 19 1 1 15 1
38 17 15 1 1 17 1
43 18 19 1 1 18 1
44 19 15 1 1 19 1
45 19 18 1 1 19 1
46 19 20 1 1 19 1
47 19 34 1 1 19 1
48 20 19 1 1 20 1
56 24 70 1 1 24 1
60 26 30 1 1 26 1
69 30 26 1 1 30 1
76 33 15 1 1 33 1
77 33 37 1 1 33 1
78 34 36 1 1 34 1
79 34 37 1 1 34 1
80 34 43 1 1 34 1
81 35 36 1 1 35 1
82 36 34 1 1 36 1
83 36 35 1 1 36 1
84 37 34 1 1 37 1
85 37 35 1 1 37 1
86 37 38 1 1 37 1
87 37 39 1 1 37 1
88 37 40 1 1 37 1
89 38 37 1 1 38 1
90 39 37 1 1 39 1
91 39 40 1 1 39 1
92 40 39 1 1 40 1
93 40 42 1 1 40 1
94 41 42 1 1 41 1
95 42 40 1 1 42 1
96 42 49 1 1 42 1
97 43 34 1 1 43 1
98 44 43 1 1 44 1
99 44 45 1 1 44 1
100 45 44 1 1 45 1
101 45 49 1 1 45 1
102 46 47 1 1 46 1
103 46 48 1 1 46 1
104 47 49 1 1 47 1
105 47 69 1 1 47 1
106 48 46 1 1 48 1
107 49 42 1 1 49 1
108 49 45 1 1 49 1
109 49 47 1 1 49 1
110 49 48 1 1 49 1
111 49 50 1 1 49 1
112 49 69 1 1 49 1
113 50 49 1 1 50 1
114 51 52 1 1 51 1
115 51 58 1 1 51 1
116 52 51 1 1 52 1
117 52 53 1 1 52 1
118 53 52 1 1 53 1
119 53 54 1 1 53 1
120 54 49 1 1 54 1
121 54 53 1 1 54 1
122 54 56 1 1 54 1
123 54 59 1 1 54 1
124 55 54 1 1 55 1
125 55 56 1 1 55 1
126 55 59 1 1 55 1
127 56 54 1 1 56 1
128 56 57 1 1 56 1
129 56 58 1 1 56 1
130 56 59 1 1 56 1
131 57 56 1 1 57 1
132 59 54 1 1 59 1
133 59 55 1 1 59 1
134 59 56 1 1 59 1
135 59 60 1 1 59 1
136 59 61 1 1 59 1
137 59 63 1 1 59 1
138 60 59 1 1 60 1
139 60 61 1 1 60 1
140 60 62 1 1 60 1
141 61 59 1 1 61 1
142 61 60 1 1 61 1
143 61 64 1 1 61 1
144 62 60 1 1 62 1
145 62 61 1 1 62 1
146 62 66 1 1 62 1
147 63 59 1 1 63 1
148 64 61 1 1 64 1
149 64 63 1 1 64 1
150 65 38 1 1 65 1
151 65 66 1 1 65 1
152 66 49 1 1 66 1
153 66 65 1 1 66 1
154 67 62 1 1 67 1
155 67 66 1 1 67 1
156 68 81 1 1 68 1
157 68 116 1 1 68 1
158 69 75 1 1 69 1
159 69 77 1 1 69 1
160 70 69 1 1 70 1
161 70 74 1 1 70 1
162 70 75 1 1 70 1
163 71 70 1 1 71 1
168 74 70 1 1 74 1
169 74 75 1 1 74 1
170 75 69 1 1 75 1
171 75 70 1 1 75 1
172 76 77 1 1 76 1
173 77 75 1 1 77 1
174 77 76 1 1 77 1
175 78 77 1 1 78 1
177 80 77 1 1 80 1
182 81 80 1 1 81 1
183 82 77 1 1 82 1
254 116 68 1 1 116 1
255 118 75 1 1 118 1
265 15 15 1 2 15 1
275 30 30 1 2 30 1
277 33 33 1 2 33 1
278 35 35 1 2 35 1
279 41 41 1 2 41 1
280 42 42 1 2 42 1
281 43 43 1 2 43 1
282 47 47 1 2 47 1
283 48 48 1 2 48 1
284 49 49 1 2 49 1
285 50 50 1 2 50 1
286 51 51 1 2 51 1
287 52 52 1 2 52 1
288 54 54 1 2 54 1
289 56 56 1 2 56 1
290 57 57 1 2 57 1
291 58 58 1 2 58 1
292 62 62 1 2 62 1
293 65 65 1 2 65 1
294 66 66 1 2 66 1
295 67 67 1 2 67 1
296 68 68 1 2 68 1
297 69 69 1 2 69 1
301 75 75 1 2 75 1
332 116 116 1 2 116 1
