1 1 3 1 1 1 1
2 2 12 1 1 2 1
3 3 1 1 1 3 1
4 3 5 1 1 3 1
5 4 5 1 1 4 1
6 4 11 1 1 4 1
7 5 3 1 1 5 1
8 5 4 1 1 5 1
9 5 6 1 1 5 1
10 5 8 1 1 5 1
11 6 5 1 1 6 1
12 6 7 1 1 6 1
13 7 6 1 1 7 1
14 7 12 1 1 7 1
15 8 5 1 1 8 1
16 8 9 1 1 8 1
17 8 30 1 1 8 1
18 9 8 1 1 9 1
19 9 10 1 1 9 1
20 10 9 1 1 10 1
21 11 5 1 1 11 1
22 11 12 1 1 11 1
23 11 13 1 1 11 1
24 12 2 1 1 12 1
25 12 7 1 1 12 1
26 12 11 1 1 12 1
27 12 14 1 1 12 1
28 12 16 1 1 12 1
29 12 117 1 1 12 1
30 13 11 1 1 13 1
31 13 15 1 1 13 1
32 15 14 1 1 15 1
33 15 17 1 1 15 1
34 15 33 1 1 15 1
35 16 12 1 1 16 1
36 17 15 1 1 17 1
37 17 16 1 1 17 1
38 17 18 1 1 17 1
39 17 113 1 1 17 1
40 18 17 1 1 18 1
41 18 19 1 1 18 1
42 19 15 1 1 19 1
43 19 18 1 1 19 1
44 19 34 1 1 19 1
45 20 19 1 1 20 1
46 20 21 1 1 20 1
47 21 22 1 1 21 1
48 23 22 1 1 23 1
49 23 24 1 1 23 1
50 24 23 1 1 24 1
51 24 72 1 1 24 1
52 25 23 1 1 25 1
53 25 26 1 1 25 1
54 25 27 1 1 25 1
55 26 25 1 1 26 1
56 26 30 1 1 26 1
57 27 25 1 1 27 1
58 27 28 1 1 27 1
59 29 28 1 1 29 1
60 29 31 1 1 29 1
61 30 8 1 1 30 1
62 30 17 1 1 30 1
63 30 26 1 1 30 1
64 30 38 1 1 30 1
65 31 17 1 1 31 1
66 31 29 1 1 31 1
67 32 23 1 1 32 1
68 32 113 1 1 32 1
69 33 15 1 1 33 1
70 33 37 1 1 33 1
71 34 19 1 1 34 1
72 34 36 1 1 34 1
73 34 43 1 1 34 1
76 37 33 1 1 37 1
77 37 34 1 1 37 1
81 38 30 1 1 38 1
82 38 37 1 1 38 1
133 65 38 1 1 65 1
148 70 24 1 1 70 1
240 113 17 1 1 113 1
241 113 32 1 1 113 1
242 114 115 1 1 114 1
243 115 27 1 1 115 1
247 1 1 1 2 1 1
248 2 2 1 2 2 1
249 3 3 1 2 3 1
250 4 4 1 2 4 1
251 5 5 1 2 5 1
252 6 6 1 2 6 1
253 7 7 1 2 7 1
254 8 8 1 2 8 1
255 9 9 1 2 9 1
256 10 10 1 2 10 1
257 11 11 1 2 11 1
258 12 12 1 2 12 1
259 13 13 1 2 13 1
260 14 14 1 2 14 1
261 15 15 1 2 15 1
262 16 16 1 2 16 1
263 18 18 1 2 18 1
264 19 19 1 2 19 1
265 20 20 1 2 20 1
266 23 23 1 2 23 1
267 24 24 1 2 24 1
268 25 25 1 2 25 1
269 26 26 1 2 26 1
270 28 28 1 2 28 1
271 29 29 1 2 29 1
272 30 30 1 2 30 1
273 31 31 1 2 31 1
274 32 32 1 2 32 1
275 34 34 1 2 34 1
278 38 38 1 2 38 1
330 115 115 1 2 115 1
332 117 117 1 2 117 1
