1 1 2 1 1 1 0
2 1 3 1 1 1 1
3 2 1 1 1 2 1
4 2 12 1 1 2 1
5 3 1 1 1 3 0
6 3 5 1 1 3 1
7 3 12 1 1 3 0
8 4 5 1 1 4 0
9 4 11 1 1 4 0
10 5 3 1 1 5 0
11 5 4 1 1 5 0
12 5 6 1 1 5 1
13 5 8 1 1 5 1
14 5 11 1 1 5 1
15 6 5 1 1 6 1
16 6 7 1 1 6 1
17 7 6 1 1 7 0
18 7 12 1 1 7 1
19 8 5 1 1 8 0
20 8 9 1 1 8 0
21 8 30 1 1 8 1
22 9 8 1 1 9 1
23 9 10 1 1 9 1
24 10 9 1 1 10 0
25 11 4 1 1 11 1
26 11 5 1 1 11 1
27 11 12 1 1 11 0
28 11 13 1 1 11 1
29 12 2 1 1 12 1
30 12 3 1 1 12 1
31 12 7 1 1 12 0
32 12 11 1 1 12 1
33 12 14 1 1 12 1
34 12 16 1 1 12 0
35 12 117 1 1 12 1
36 13 11 1 1 13 1
37 13 15 1 1 13 0
38 14 12 1 1 14 1
39 14 15 1 1 14 0
40 15 13 1 1 15 1
41 15 14 1 1 15 1
42 15 17 1 1 15 1
43 15 19 1 1 15 1
44 15 33 1 1 15 0
45 16 12 1 1 16 1
46 16 17 1 1 16 0
47 17 15 1 1 17 1
48 17 16 1 1 17 1
49 17 18 1 1 17 1
50 17 30 1 1 17 0
51 17 31 1 1 17 1
52 17 113 1 1 17 1
53 18 17 1 1 18 1
54 18 19 1 1 18 1
55 19 15 1 1 19 1
56 19 18 1 1 19 1
57 19 20 1 1 19 0
58 19 34 1 1 19 1
59 20 19 1 1 20 1
60 20 21 1 1 20 1
61 21 20 1 1 21 1
62 21 22 1 1 21 0
63 22 21 1 1 22 0
64 22 23 1 1 22 1
65 23 22 1 1 23 1
66 23 24 1 1 23 1
67 23 25 1 1 23 1
68 23 32 1 1 23 1
69 24 23 1 1 24 1
72 25 23 1 1 25 0
73 25 26 1 1 25 1
74 25 27 1 1 25 1
75 26 25 1 1 26 1
76 26 30 1 1 26 1
77 27 25 1 1 27 1
78 27 28 1 1 27 1
79 27 32 1 1 27 1
80 27 115 1 1 27 0
81 28 27 1 1 28 0
82 28 29 1 1 28 1
83 29 28 1 1 29 1
84 29 31 1 1 29 0
85 30 8 1 1 30 1
86 30 17 1 1 30 0
87 30 26 1 1 30 1
88 30 38 1 1 30 0
89 31 17 1 1 31 1
90 31 29 1 1 31 1
91 31 32 1 1 31 0
92 32 23 1 1 32 0
93 32 27 1 1 32 0
94 32 31 1 1 32 1
95 32 113 1 1 32 1
96 32 114 1 1 32 1
97 33 15 1 1 33 0
99 34 19 1 1 34 1
113 38 30 1 1 38 0
349 113 17 1 1 113 1
350 113 32 1 1 113 1
351 114 32 1 1 114 1
352 114 115 1 1 114 1
353 115 27 1 1 115 1
354 115 114 1 1 115 1
356 117 12 1 1 117 0
359 1 1 1 2 1 1
360 2 2 1 2 2 1
361 3 3 1 2 3 1
362 4 4 1 2 4 1
363 5 5 1 2 5 1
364 6 6 1 2 6 1
365 7 7 1 2 7 1
366 8 8 1 2 8 1
367 9 9 1 2 9 1
368 10 10 1 2 10 0
369 11 11 1 2 11 0
370 12 12 1 2 12 0
371 13 13 1 2 13 0
372 14 14 1 2 14 1
373 15 15 1 2 15 0
374 16 16 1 2 16 0
375 17 17 1 2 17 1
376 18 18 1 2 18 1
377 19 19 1 2 19 1
378 20 20 1 2 20 1
379 21 21 1 2 21 1
380 22 22 1 2 22 1
381 23 23 1 2 23 0
383 25 25 1 2 25 1
384 26 26 1 2 26 0
385 27 27 1 2 27 1
386 28 28 1 2 28 1
387 29 29 1 2 29 0
388 30 30 1 2 30 1
389 31 31 1 2 31 1
390 32 32 1 2 32 1
471 113 113 1 2 113 0
472 114 114 1 2 114 1
473 115 115 1 2 115 0
475 117 117 1 2 117 1
