1 1 2 1 1 1 1 
2 1 5 1 1 1 1 
3 2 1 1 1 2 1 
4 2 3 1 1 2 1 
5 2 4 1 1 2 1 
6 2 5 1 1 2 1 
7 3 2 1 1 3 1 
8 3 4 1 1 3 1 
9 4 2 1 1 4 1 
10 4 3 1 1 4 1 
11 4 5 1 1 4 1 
12 4 7 1 1 4 1 
13 4 9 1 1 4 1 
14 6 5 1 1 6 1 
15 6 11 1 1 6 1 
16 6 12 1 1 6 1 
17 6 13 1 1 6 1 
18 7 4 1 1 7 1 
19 7 8 1 1 7 1 
20 7 9 1 1 7 1 
21 8 7 1 1 8 1 
22 9 4 1 1 9 1 
23 9 7 1 1 9 1 
24 9 10 1 1 9 1
25 9 14 1 1 9 1
26 1 1 1 2 1 1
27 2 2 1 2 2 1
28 3 3 1 2 3 1
29 4 4 1 2 4 1
30 6 6 1 2 6 1
31 7 7 1 2 7 1
32 8 8 1 2 8 1
33 9 9 1 2 9 1
