51 22 23 1 1 22 1
52 23 22 1 1 23 1
53 23 24 1 1 23 1
54 23 25 1 1 23 1
55 23 32 1 1 23 1
56 24 70 1 1 24 1
57 25 23 1 1 25 1
71 32 23 1 1 32 1
105 47 69 1 1 47 1
112 49 69 1 1 49 1
156 68 81 1 1 68 1
157 68 116 1 1 68 1
158 69 75 1 1 69 1
159 69 77 1 1 69 1
160 70 69 1 1 70 1
161 70 74 1 1 70 1
162 70 75 1 1 70 1
163 71 70 1 1 71 1
164 71 72 1 1 71 1
165 72 24 1 1 72 1
166 72 71 1 1 72 1
167 73 71 1 1 73 1
168 74 70 1 1 74 1
169 74 75 1 1 74 1
170 75 69 1 1 75 1
171 75 70 1 1 75 1
172 76 77 1 1 76 1
173 77 75 1 1 77 1
174 77 76 1 1 77 1
175 78 77 1 1 78 1
176 79 80 1 1 79 1
177 80 77 1 1 80 1
178 80 79 1 1 80 1
179 80 96 1 1 80 1
180 80 97 1 1 80 1
181 80 99 1 1 80 1
182 81 80 1 1 81 1
183 82 77 1 1 82 1
184 82 96 1 1 82 1
185 83 84 1 1 83 1
186 83 85 1 1 83 1
187 85 83 1 1 85 1
188 85 88 1 1 85 1
189 85 89 1 1 85 1
190 86 85 1 1 86 1
191 87 86 1 1 87 1
192 88 85 1 1 88 1
193 89 85 1 1 89 1
194 89 90 1 1 89 1
195 89 92 1 1 89 1
196 90 91 1 1 90 1
197 91 90 1 1 91 1
198 92 89 1 1 92 1
199 92 91 1 1 92 1
200 92 93 1 1 92 1
201 92 94 1 1 92 1
202 92 102 1 1 92 1
203 93 92 1 1 93 1
204 93 94 1 1 93 1
205 94 92 1 1 94 1
206 94 95 1 1 94 1
207 94 96 1 1 94 1
208 94 100 1 1 94 1
209 95 94 1 1 95 1
210 95 96 1 1 95 1
211 96 80 1 1 96 1
212 96 82 1 1 96 1
213 96 94 1 1 96 1
214 96 97 1 1 96 1
215 97 80 1 1 97 1
216 97 96 1 1 97 1
217 98 80 1 1 98 1
218 98 100 1 1 98 1
219 99 80 1 1 99 1
220 99 100 1 1 99 1
221 100 92 1 1 100 1
222 100 98 1 1 100 1
223 100 99 1 1 100 1
224 100 101 1 1 100 1
225 100 103 1 1 100 1
226 100 104 1 1 100 1
227 101 100 1 1 101 1
228 101 102 1 1 101 1
229 102 92 1 1 102 1
230 103 100 1 1 103 1
231 103 105 1 1 103 1
232 103 110 1 1 103 1
233 104 100 1 1 104 1
234 104 103 1 1 104 1
235 105 103 1 1 105 1
236 105 104 1 1 105 1
237 105 106 1 1 105 1
238 106 100 1 1 106 1
239 106 105 1 1 106 1
240 106 107 1 1 106 1
241 107 105 1 1 107 1
242 107 106 1 1 107 1
243 108 109 1 1 108 1
244 109 108 1 1 109 1
245 110 103 1 1 110 1
246 110 109 1 1 110 1
247 110 111 1 1 110 1
248 110 112 1 1 110 1
249 111 110 1 1 111 1
254 116 68 1 1 116 1
255 118 75 1 1 118 1
256 118 76 1 1 118 1
270 23 23 1 2 23 1
271 24 24 1 2 24 1
296 68 68 1 2 68 1
297 69 69 1 2 69 1
298 71 71 1 2 71 1
299 72 72 1 2 72 1
300 73 73 1 2 73 1
301 75 75 1 2 75 1
302 76 76 1 2 76 1
303 79 79 1 2 79 1
304 80 80 1 2 80 1
305 82 82 1 2 82 1
306 83 83 1 2 83 1
307 84 84 1 2 84 1
308 85 85 1 2 85 1
309 86 86 1 2 86 1
310 87 87 1 2 87 1
311 88 88 1 2 88 1
312 89 89 1 2 89 1
313 91 91 1 2 91 1
314 92 92 1 2 92 1
315 94 94 1 2 94 1
316 96 96 1 2 96 1
317 97 97 1 2 97 1
318 98 98 1 2 98 1
319 99 99 1 2 99 1
320 100 100 1 2 100 1
321 101 101 1 2 101 1
322 102 102 1 2 102 1
323 103 103 1 2 103 1
324 105 105 1 2 105 1
325 106 106 1 2 106 1
326 107 107 1 2 107 1
327 108 108 1 2 108 1
328 109 109 1 2 109 1
329 112 112 1 2 112 1
333 118 118 1 2 118 1
