1 1 3 1 1 1 1
2 2 1 1 1 2 1
3 2 12 1 1 2 1
4 3 1 1 1 3 1
5 3 5 1 1 3 1
6 4 5 1 1 4 1
7 4 11 1 1 4 1
8 5 3 1 1 5 1
9 5 4 1 1 5 1
10 5 6 1 1 5 1
11 5 8 1 1 5 1
12 5 11 1 1 5 1
13 6 5 1 1 6 1
14 6 7 1 1 6 1
15 7 6 1 1 7 1
16 8 5 1 1 8 1
17 8 9 1 1 8 1
18 8 30 1 1 8 1
19 9 10 1 1 9 1
20 10 9 1 1 10 1
21 11 4 1 1 11 1
22 11 5 1 1 11 1
23 11 12 1 1 11 1
24 12 2 1 1 12 1
25 12 7 1 1 12 1
26 12 11 1 1 12 1
27 12 14 1 1 12 1
28 12 16 1 1 12 1
29 12 117 1 1 12 1
30 13 11 1 1 13 1
31 13 15 1 1 13 1
32 14 12 1 1 14 1
33 14 15 1 1 14 1
34 15 13 1 1 15 1
35 15 14 1 1 15 1
36 15 19 1 1 15 1
37 16 17 1 1 16 1
38 17 15 1 1 17 1
39 17 16 1 1 17 1
40 17 31 1 1 17 1
41 17 113 1 1 17 1
42 18 17 1 1 18 1
43 18 19 1 1 18 1
44 19 15 1 1 19 1
45 19 18 1 1 19 1
46 19 20 1 1 19 1
47 19 34 1 1 19 1
48 20 19 1 1 20 1
49 20 21 1 1 20 1
50 21 22 1 1 21 1
51 22 23 1 1 22 1
52 23 22 1 1 23 1
53 23 24 1 1 23 1
54 23 25 1 1 23 1
55 23 32 1 1 23 1
56 24 70 1 1 24 1
57 25 23 1 1 25 1
58 25 26 1 1 25 1
59 26 25 1 1 26 1
60 26 30 1 1 26 1
61 27 25 1 1 27 1
62 27 28 1 1 27 1
63 27 32 1 1 27 1
64 27 115 1 1 27 1
65 28 27 1 1 28 1
66 28 29 1 1 28 1
67 29 28 1 1 29 1
68 29 31 1 1 29 1
69 30 26 1 1 30 1
70 31 17 1 1 31 1
71 32 23 1 1 32 1
72 32 27 1 1 32 1
73 32 31 1 1 32 1
74 32 113 1 1 32 1
75 32 114 1 1 32 1
76 33 15 1 1 33 1
77 33 37 1 1 33 1
78 34 36 1 1 34 1
79 34 37 1 1 34 1
80 34 43 1 1 34 1
82 36 34 1 1 36 1
84 37 34 1 1 37 1
86 37 38 1 1 37 1
89 38 37 1 1 38 1
97 43 34 1 1 43 1
150 65 38 1 1 65 1
165 72 24 1 1 72 1
250 113 17 1 1 113 1
251 114 115 1 1 114 1
252 115 27 1 1 115 1
253 115 114 1 1 115 1
257 1 1 1 2 1 1
258 2 2 1 2 2 1
259 3 3 1 2 3 1
260 4 4 1 2 4 1
261 5 5 1 2 5 1
262 6 6 1 2 6 1
263 9 9 1 2 9 1
264 11 11 1 2 11 1
265 15 15 1 2 15 1
266 16 16 1 2 16 1
267 17 17 1 2 17 1
268 20 20 1 2 20 1
269 21 21 1 2 21 1
270 23 23 1 2 23 1
271 24 24 1 2 24 1
272 26 26 1 2 26 1
273 28 28 1 2 28 1
274 29 29 1 2 29 1
275 30 30 1 2 30 1
276 31 31 1 2 31 1
277 33 33 1 2 33 1
330 113 113 1 2 113 1
331 114 114 1 2 114 1
