48 23 22 1 1 23 1
49 23 24 1 1 23 1
50 24 23 1 1 24 1
51 24 72 1 1 24 1
52 25 23 1 1 25 1
67 32 23 1 1 32 1
96 47 69 1 1 47 1
103 49 69 1 1 49 1
136 65 68 1 1 65 1
141 68 65 1 1 68 1
142 68 81 1 1 68 1
143 68 116 1 1 68 1
144 69 68 1 1 69 1
145 69 70 1 1 69 1
146 69 75 1 1 69 1
147 69 77 1 1 69 1
148 70 24 1 1 70 1
149 70 69 1 1 70 1
150 70 71 1 1 70 1
151 70 75 1 1 70 1
152 71 70 1 1 71 1
153 71 72 1 1 71 1
154 71 73 1 1 71 1
155 72 71 1 1 72 1
156 73 71 1 1 73 1
157 74 75 1 1 74 1
158 75 69 1 1 75 1
159 75 70 1 1 75 1
160 75 74 1 1 75 1
161 75 118 1 1 75 1
162 76 77 1 1 76 1
163 76 118 1 1 76 1
164 77 76 1 1 77 1
165 77 82 1 1 77 1
166 78 79 1 1 78 1
167 79 80 1 1 79 1
168 80 77 1 1 80 1
169 80 96 1 1 80 1
170 80 97 1 1 80 1
171 80 98 1 1 80 1
172 80 99 1 1 80 1
173 81 80 1 1 81 1
174 82 77 1 1 82 1
175 82 83 1 1 82 1
176 82 96 1 1 82 1
177 83 82 1 1 83 1
178 83 84 1 1 83 1
179 83 85 1 1 83 1
180 84 83 1 1 84 1
181 84 85 1 1 84 1
182 85 83 1 1 85 1
183 85 86 1 1 85 1
184 85 89 1 1 85 1
185 86 85 1 1 86 1
186 86 87 1 1 86 1
187 87 86 1 1 87 1
188 88 85 1 1 88 1
189 88 89 1 1 88 1
190 89 85 1 1 89 1
191 89 88 1 1 89 1
192 90 91 1 1 90 1
193 92 89 1 1 92 1
194 92 91 1 1 92 1
195 92 93 1 1 92 1
196 92 94 1 1 92 1
197 92 102 1 1 92 1
198 93 92 1 1 93 1
199 93 94 1 1 93 1
200 94 92 1 1 94 1
201 94 100 1 1 94 1
202 96 82 1 1 96 1
203 96 95 1 1 96 1
204 96 97 1 1 96 1
205 97 80 1 1 97 1
206 97 96 1 1 97 1
207 98 80 1 1 98 1
208 98 100 1 1 98 1
209 99 80 1 1 99 1
210 99 100 1 1 99 1
211 100 99 1 1 100 1
212 100 104 1 1 100 1
213 101 100 1 1 101 1
214 101 102 1 1 101 1
215 102 92 1 1 102 1
216 102 101 1 1 102 1
217 103 100 1 1 103 1
218 103 104 1 1 103 1
219 103 105 1 1 103 1
220 103 110 1 1 103 1
221 104 100 1 1 104 1
222 104 105 1 1 104 1
223 105 103 1 1 105 1
224 105 104 1 1 105 1
225 105 106 1 1 105 1
226 105 108 1 1 105 1
227 106 100 1 1 106 1
228 106 107 1 1 106 1
229 107 105 1 1 107 1
230 107 106 1 1 107 1
231 108 105 1 1 108 1
232 108 109 1 1 108 1
233 109 110 1 1 109 1
234 110 103 1 1 110 1
235 110 109 1 1 110 1
236 110 111 1 1 110 1
237 110 112 1 1 110 1
238 111 110 1 1 111 1
239 112 110 1 1 112 1
244 116 68 1 1 116 1
245 118 75 1 1 118 1
246 118 76 1 1 118 1
266 23 23 1 2 23 1
267 24 24 1 2 24 1
297 68 68 1 2 68 1
298 69 69 1 2 69 1
299 71 71 1 2 71 1
300 73 73 1 2 73 1
301 74 74 1 2 74 1
302 75 75 1 2 75 1
303 76 76 1 2 76 1
304 79 79 1 2 79 1
305 80 80 1 2 80 1
306 81 81 1 2 81 1
307 83 83 1 2 83 1
308 84 84 1 2 84 1
309 85 85 1 2 85 1
310 86 86 1 2 86 1
311 87 87 1 2 87 1
312 88 88 1 2 88 1
313 89 89 1 2 89 1
314 90 90 1 2 90 1
315 92 92 1 2 92 1
316 93 93 1 2 93 1
317 95 95 1 2 95 1
318 96 96 1 2 96 1
319 97 97 1 2 97 1
320 98 98 1 2 98 1
321 99 99 1 2 99 1
322 100 100 1 2 100 1
323 102 102 1 2 102 1
324 103 103 1 2 103 1
325 104 104 1 2 104 1
326 105 105 1 2 105 1
327 107 107 1 2 107 1
328 108 108 1 2 108 1
329 110 110 1 2 110 1
333 118 118 1 2 118 1
