17 8 30 1 1 8 1
31 13 15 1 1 13 1
32 15 14 1 1 15 1
33 15 17 1 1 15 1
34 15 33 1 1 15 1
36 17 15 1 1 17 1
41 18 19 1 1 18 1
42 19 15 1 1 19 1
43 19 18 1 1 19 1
44 19 34 1 1 19 1
45 20 19 1 1 20 1
56 26 30 1 1 26 1
61 30 8 1 1 30 1
62 30 17 1 1 30 1
63 30 26 1 1 30 1
64 30 38 1 1 30 1
69 33 15 1 1 33 1
70 33 37 1 1 33 1
71 34 19 1 1 34 1
72 34 36 1 1 34 1
73 34 43 1 1 34 1
74 35 37 1 1 35 1
75 36 35 1 1 36 1
76 37 33 1 1 37 1
77 37 34 1 1 37 1
78 37 35 1 1 37 1
79 37 39 1 1 37 1
80 37 40 1 1 37 1
81 38 30 1 1 38 1
82 38 37 1 1 38 1
83 39 40 1 1 39 1
84 40 41 1 1 40 1
85 40 42 1 1 40 1
86 41 42 1 1 41 1
87 42 40 1 1 42 1
88 42 41 1 1 42 1
89 44 43 1 1 44 1
90 44 45 1 1 44 1
91 45 46 1 1 45 1
92 45 49 1 1 45 1
93 46 47 1 1 46 1
94 46 48 1 1 46 1
95 47 46 1 1 47 1
96 47 69 1 1 47 1
97 48 46 1 1 48 1
98 48 49 1 1 48 1
99 49 42 1 1 49 1
100 49 48 1 1 49 1
101 49 50 1 1 49 1
102 49 54 1 1 49 1
103 49 69 1 1 49 1
104 51 52 1 1 51 1
105 52 51 1 1 52 1
106 52 53 1 1 52 1
107 54 49 1 1 54 1
108 54 53 1 1 54 1
109 54 55 1 1 54 1
110 54 59 1 1 54 1
111 55 54 1 1 55 1
112 55 56 1 1 55 1
113 55 59 1 1 55 1
114 56 54 1 1 56 1
115 57 56 1 1 57 1
116 58 51 1 1 58 1
117 59 54 1 1 59 1
118 59 55 1 1 59 1
119 59 56 1 1 59 1
120 59 61 1 1 59 1
121 59 63 1 1 59 1
122 60 59 1 1 60 1
123 60 61 1 1 60 1
124 61 59 1 1 61 1
125 61 62 1 1 61 1
126 62 60 1 1 62 1
127 62 61 1 1 62 1
128 62 66 1 1 62 1
129 62 67 1 1 62 1
130 63 64 1 1 63 1
131 64 61 1 1 64 1
132 64 65 1 1 64 1
133 65 38 1 1 65 1
134 65 64 1 1 65 1
135 65 66 1 1 65 1
136 65 68 1 1 65 1
137 66 65 1 1 66 1
138 66 67 1 1 66 1
139 67 62 1 1 67 1
140 67 66 1 1 67 1
141 68 65 1 1 68 1
142 68 81 1 1 68 1
143 68 116 1 1 68 1
144 69 68 1 1 69 1
145 69 70 1 1 69 1
146 69 75 1 1 69 1
147 69 77 1 1 69 1
148 70 24 1 1 70 1
149 70 69 1 1 70 1
150 70 71 1 1 70 1
151 70 75 1 1 70 1
152 71 70 1 1 71 1
157 74 75 1 1 74 1
158 75 69 1 1 75 1
159 75 70 1 1 75 1
160 75 74 1 1 75 1
161 75 118 1 1 75 1
162 76 77 1 1 76 1
164 77 76 1 1 77 1
165 77 82 1 1 77 1
168 80 77 1 1 80 1
173 81 80 1 1 81 1
174 82 77 1 1 82 1
244 116 68 1 1 116 1
245 118 75 1 1 118 1
261 15 15 1 2 15 1
264 19 19 1 2 19 1
272 30 30 1 2 30 1
275 34 34 1 2 34 1
276 35 35 1 2 35 1
277 37 37 1 2 37 1
278 38 38 1 2 38 1
279 39 39 1 2 39 1
280 40 40 1 2 40 1
281 41 41 1 2 41 1
282 43 43 1 2 43 1
283 44 44 1 2 44 1
284 45 45 1 2 45 1
285 46 46 1 2 46 1
286 47 47 1 2 47 1
287 48 48 1 2 48 1
288 51 51 1 2 51 1
289 53 53 1 2 53 1
290 55 55 1 2 55 1
291 57 57 1 2 57 1
292 59 59 1 2 59 1
293 60 60 1 2 60 1
294 65 65 1 2 65 1
295 66 66 1 2 66 1
296 67 67 1 2 67 1
297 68 68 1 2 68 1
298 69 69 1 2 69 1
302 75 75 1 2 75 1
306 81 81 1 2 81 1
331 116 116 1 2 116 1
