1 1 2 1 1 1 1
2 1 3 1 1 1 1
3 5 3 1 1 5 1
4 5 4 1 1 5 1
5 5 6 1 1 5 1
6 5 8 1 1 5 1
7 5 11 1 1 5 1
8 9 8 1 1 9 1
9 9 10 1 1 9 1
10 12 2 1 1 12 1
11 12 3 1 1 12 1
12 12 7 1 1 12 1
13 12 11 1 1 12 1
14 12 14 1 1 12 1
15 12 16 1 1 12 1
16 12 117 1 1 12 1
17 15 13 1 1 15 1
18 15 14 1 1 15 1
19 15 17 1 1 15 1
20 15 19 1 1 15 1
21 15 33 1 1 15 1
22 19 15 1 1 19 1
23 19 18 1 1 19 1
24 19 20 1 1 19 1
25 19 34 1 1 19 1
26 21 20 1 1 21 1
27 21 22 1 1 21 1
28 23 22 1 1 23 1
29 23 24 1 1 23 1
30 23 25 1 1 23 1
31 23 32 1 1 23 1
32 24 23 1 1 24 1
34 27 25 1 1 27 1
35 27 28 1 1 27 1
36 27 32 1 1 27 1
37 27 115 1 1 27 1
38 29 28 1 1 29 1
39 29 31 1 1 29 1
40 30 8 1 1 30 1
41 30 17 1 1 30 1
42 30 26 1 1 30 1
43 30 38 1 1 30 1
44 32 23 1 1 32 1
45 32 27 1 1 32 1
46 32 31 1 1 32 1
47 32 113 1 1 32 1
48 32 114 1 1 32 1
49 33 15 1 1 33 1
50 34 19 1 1 34 1
61 38 30 1 1 38 1
252 1 1 1 2 1 1
253 5 5 1 2 5 1
254 9 9 1 2 9 1
255 12 12 1 2 12 1
256 15 15 1 2 15 1
257 19 19 1 2 19 1
258 21 21 1 2 21 1
259 23 23 1 2 23 1
261 27 27 1 2 27 1
262 29 29 1 2 29 1
263 30 30 1 2 30 1
264 32 32 1 2 32 1
