7.214965033183572407e-01 2.785034966816427593e-01 9.095561004046659459e-02 -9.095561004046659459e-02 3.032066386628862187e-02 6.313206228153389610e-02 -3.032066386628862187e-02 2.631996363497296487e-02 1.432476911815860898e-02 -6.313206228153389610e-02 2.497116107355923376e-03 1.032406888684295199e-02
2.785034966816427593e-01 7.214965033183572407e-01 -9.095561004046659459e-02 9.095561004046659459e-02 -3.032066386628862187e-02 -6.313206228153389610e-02 3.032066386628862187e-02 -2.631996363497296487e-02 -1.432476911815860898e-02 6.313206228153389610e-02 -2.497116107355923376e-03 -1.032406888684295199e-02
9.095561004046681663e-02 -9.095561004046681663e-02 6.970750423185463340e-01 3.029249576814536660e-01 -5.212503382943878272e-02 -3.513022135605070595e-02 5.212503382943878272e-02 5.756168147896978393e-03 -4.560679176608961605e-03 3.513022135605070595e-02 2.156697024959641773e-01 5.332052280072679951e-02
-9.095561004046681663e-02 9.095561004046681663e-02 3.029249576814536660e-01 6.970750423185463340e-01 5.212503382943878272e-02 3.513022135605070595e-02 -5.212503382943878272e-02 -5.756168147896978393e-03 4.560679176608961605e-03 -3.513022135605070595e-02 -2.156697024959641773e-01 -5.332052280072679951e-02
3.032066386628873289e-02 -3.032066386628873289e-02 -5.212503382943822761e-02 5.212503382943822761e-02 8.480070964469026418e-01 -6.398190345025822623e-02 1.519929035530973582e-01 3.485517706545404604e-02 1.388031102968356745e-02 6.398190345025822623e-02 -1.638497731739173568e-01 2.007283916482349717e-01
6.313206228153422916e-02 -6.313206228153422916e-02 -3.513022135605048391e-02 3.513022135605048391e-02 -6.398190345025822623e-02 8.348309457363007891e-01 6.398190345025822623e-02 -6.940930286571200813e-02 -5.557629510846440191e-02 1.651690542636992109e-01 -1.940207363579069533e-01 -6.100369452391818381e-02
-3.032066386628873289e-02 3.032066386628873289e-02 5.212503382943822761e-02 -5.212503382943822761e-02 1.519929035530973582e-01 6.398190345025822623e-02 8.480070964469026418e-01 -3.485517706545404604e-02 -1.388031102968356745e-02 -6.398190345025822623e-02 1.638497731739173568e-01 -2.007283916482349717e-01
2.631996363497296487e-02 -2.631996363497296487e-02 5.756168147896478793e-03 -5.756168147896478793e-03 3.485517706545415706e-02 -6.940930286571239671e-02 -3.485517706545415706e-02 8.405425926256601121e-01 -1.854032834212127057e-02 6.940930286571239671e-02 -4.031029394815471845e-02 -2.128529127819153155e-01
1.432476911815894205e-02 -1.432476911815894205e-02 -4.560679176609960805e-03 4.560679176609960805e-03 1.388031102968323438e-02 -5.557629510846506804e-02 -1.388031102968323438e-02 -1.854032834212093750e-02 8.295511176827355948e-01 5.557629510846506804e-02 -3.713530490217187285e-02 -2.028695216890685771e-01
-6.313206228153422916e-02 6.313206228153422916e-02 3.513022135605048391e-02 -3.513022135605048391e-02 6.398190345025822623e-02 1.651690542636992109e-01 -6.398190345025822623e-02 6.940930286571200813e-02 5.557629510846440191e-02 8.348309457363007891e-01 1.940207363579069533e-01 6.100369452391818381e-02
2.497116107356145420e-03 -2.497116107356145420e-03 2.156697024959649545e-01 -2.156697024959649545e-01 -1.638497731739168017e-01 -1.940207363579067312e-01 1.638497731739168017e-01 -4.031029394815499600e-02 -3.713530490217198388e-02 1.940207363579067312e-01 4.264597879722115126e-01 8.640417432358982186e-02
1.032406888684311852e-02 -1.032406888684311852e-02 5.332052280072485662e-02 -5.332052280072485662e-02 2.007283916482347497e-01 -6.100369452391951608e-02 -2.007283916482347497e-01 -2.128529127819149824e-01 -2.028695216890693542e-01 6.100369452391951608e-02 8.640417432359037697e-02 3.835491738807809137e-01
