7.247090341102164768e-01 2.752909658897835232e-01 7.666431286345376517e-02 1.021357372574170919e-01 -7.666431286345376517e-02 7.666431286345454232e-02 -7.666431286345454232e-02 7.666431286345409823e-02 -7.666431286345409823e-02 -1.021357372574170919e-01 7.771561172376095783e-16 -4.440892098500626162e-16
2.752909658897835232e-01 7.247090341102164768e-01 -7.666431286345376517e-02 -1.021357372574170919e-01 7.666431286345376517e-02 -7.666431286345454232e-02 7.666431286345454232e-02 -7.666431286345409823e-02 7.666431286345409823e-02 1.021357372574170919e-01 -7.771561172376095783e-16 4.440892098500626162e-16
7.666431286345398721e-02 -7.666431286345398721e-02 7.560280540792531090e-01 -4.624938708329351389e-02 2.439719459207468910e-01 2.269472074591827315e-02 -2.269472074591827315e-02 8.936138741258570217e-02 -8.936138741258570217e-02 4.624938708329351389e-02 2.666666666666651642e-01 6.666666666666742902e-02
1.021357372574169808e-01 -1.021357372574169808e-01 -4.624938708329384696e-02 6.479456520397387509e-01 4.624938708329384696e-02 -4.624938708329362491e-02 4.624938708329362491e-02 -4.624938708329384696e-02 4.624938708329384696e-02 3.520543479602612491e-01 2.220446049250313081e-16 -2.220446049250313081e-16
-7.666431286345398721e-02 7.666431286345398721e-02 2.439719459207468910e-01 4.624938708329351389e-02 7.560280540792531090e-01 -2.269472074591827315e-02 2.269472074591827315e-02 -8.936138741258570217e-02 8.936138741258570217e-02 -4.624938708329351389e-02 -2.666666666666651642e-01 -6.666666666666742902e-02
7.666431286345409823e-02 -7.666431286345409823e-02 2.269472074591949440e-02 -4.624938708329395798e-02 -2.269472074591949440e-02 8.226947207459183176e-01 1.773052792540816824e-01 2.269472074591905031e-02 -2.269472074591905031e-02 4.624938708329395798e-02 -2.000000000000011768e-01 2.000000000000007327e-01
-7.666431286345409823e-02 7.666431286345409823e-02 -2.269472074591949440e-02 4.624938708329395798e-02 2.269472074591949440e-02 1.773052792540816824e-01 8.226947207459183176e-01 -2.269472074591905031e-02 2.269472074591905031e-02 -4.624938708329395798e-02 2.000000000000011768e-01 -2.000000000000007327e-01
7.666431286345420926e-02 -7.666431286345420926e-02 8.936138741258581319e-02 -4.624938708329429105e-02 -8.936138741258581319e-02 2.269472074591871724e-02 -2.269472074591871724e-02 7.560280540792522208e-01 2.439719459207477792e-01 4.624938708329429105e-02 -6.666666666666709595e-02 -2.666666666666664964e-01
-7.666431286345420926e-02 7.666431286345420926e-02 -8.936138741258581319e-02 4.624938708329429105e-02 8.936138741258581319e-02 -2.269472074591871724e-02 2.269472074591871724e-02 2.439719459207477792e-01 7.560280540792522208e-01 -4.624938708329429105e-02 6.666666666666709595e-02 2.666666666666664964e-01
-1.021357372574169808e-01 1.021357372574169808e-01 4.624938708329384696e-02 3.520543479602612491e-01 -4.624938708329384696e-02 4.624938708329362491e-02 -4.624938708329362491e-02 4.624938708329384696e-02 -4.624938708329384696e-02 6.479456520397387509e-01 -2.220446049250313081e-16 2.220446049250313081e-16
1.110223024625156540e-16 -1.110223024625156540e-16 2.666666666666663854e-01 -4.440892098500626162e-16 -2.666666666666663854e-01 -1.999999999999999556e-01 1.999999999999999556e-01 -6.666666666666665186e-02 6.666666666666665186e-02 4.440892098500626162e-16 5.333333333333336590e-01 1.333333333333333037e-01
1.110223024625156540e-16 -1.110223024625156540e-16 6.666666666666631880e-02 -3.330669073875469621e-16 -6.666666666666631880e-02 2.000000000000002887e-01 -2.000000000000002887e-01 -2.666666666666667185e-01 2.666666666666667185e-01 3.330669073875469621e-16 1.333333333333339699e-01 5.333333333333329929e-01
