8.716562458710094274e-01 -6.972153451870566343e-02 1.283437541289905726e-01 3.381955554654625384e-02 -2.480266406373865529e-02 3.172138861902495943e-02 2.480266406373865529e-02 3.486721927084668327e-02 1.166869500240841351e-02 -3.172138861902495943e-02 -3.486721927084668327e-02 -2.319852426843826976e-02 -1.166869500240841351e-02 2.319852426843826976e-02 2.207855292858217355e-01 1.801803946370705845e-02 3.751902279044749822e-02 1.152982926602985625e-02
-6.972153451870577445e-02 8.865101265468808833e-01 6.972153451870577445e-02 -2.642566121335676588e-02 1.734267772105657635e-02 1.284969512423206339e-02 -1.734267772105657635e-02 2.399742689797557116e-02 5.989884857356297942e-03 -1.284969512423206339e-02 -2.399742689797557116e-02 -1.800754204061927322e-02 -5.989884857356297942e-03 1.800754204061927322e-02 -4.724656290643336476e-04 1.874505852328210986e-01 3.907029524763205863e-02 1.201765718326297527e-02
1.283437541289905726e-01 6.972153451870566343e-02 8.716562458710094274e-01 -3.381955554654625384e-02 2.480266406373865529e-02 -3.172138861902495943e-02 -2.480266406373865529e-02 -3.486721927084668327e-02 -1.166869500240841351e-02 3.172138861902495943e-02 3.486721927084668327e-02 2.319852426843826976e-02 1.166869500240841351e-02 -2.319852426843826976e-02 -2.207855292858217355e-01 -1.801803946370705845e-02 -3.751902279044749822e-02 -1.152982926602985625e-02
3.381955554654614282e-02 -2.642566121335676588e-02 -3.381955554654614282e-02 8.740593930014893820e-01 -6.569539023860770932e-02 -1.050193638869212354e-02 6.569539023860770932e-02 1.180197999019139132e-03 -2.514138809519739226e-02 1.050193638869212354e-02 -1.180197999019139132e-03 -2.632158609421653139e-02 2.514138809519739226e-02 2.632158609421653139e-02 -2.200053793049596695e-01 1.047355134595984172e-02 1.676748071409400742e-01 5.146297418941392365e-02
-2.480266406373865529e-02 1.734267772105668737e-02 2.480266406373865529e-02 -6.569539023860759830e-02 8.921592679765970590e-01 8.369757106100772504e-03 1.078407320234029410e-01 1.204999037189025124e-02 -1.946257795014527670e-02 -8.369757106100772504e-03 -1.204999037189025124e-02 -3.151256832203552793e-02 1.946257795014527670e-02 3.151256832203552793e-02 1.252615609926399642e-03 -1.589589944231541985e-01 1.661235346837555138e-01 5.097514627218080463e-02
3.172138861902484841e-02 1.284969512423184135e-02 -3.172138861902484841e-02 -1.050193638869179047e-02 8.369757106101216593e-03 8.008323736988471886e-01 -8.369757106101216593e-03 -3.449940402874251966e-02 -1.066443528582172728e-02 1.991676263011528114e-01 3.449940402874251966e-02 2.383496874292079237e-02 1.066443528582172728e-02 -2.383496874292079237e-02 -6.109501850250964594e-02 -1.847758708244904291e-01 -4.303166003197367306e-02 -1.317053345709906509e-02
2.480266406373865529e-02 -1.734267772105668737e-02 -2.480266406373865529e-02 6.569539023860759830e-02 1.078407320234029410e-01 -8.369757106100772504e-03 8.921592679765970590e-01 -1.204999037189025124e-02 1.946257795014527670e-02 8.369757106100772504e-03 1.204999037189025124e-02 3.151256832203552793e-02 -1.946257795014527670e-02 -3.151256832203552793e-02 -1.252615609926399642e-03 1.589589944231541985e-01 -1.661235346837555138e-01 -5.097514627218080463e-02
3.486721927084701633e-02 2.399742689797590423e-02 -3.486721927084701633e-02 1.180197999018806065e-03 1.204999037188991817e-02 -3.449940402874274170e-02 -1.204999037188991817e-02 9.038617173758722867e-01 -4.684859858712131508e-02 3.449940402874274170e-02 9.613828262412771331e-02 4.928968403700639822e-02 4.684859858712131508e-02 -4.928968403700639822e-02 -4.455681364469932237e-02 -3.557704818195761565e-02 -1.562170695821577526e-01 -2.441085449885083136e-03
1.166869500240841351e-02 5.989884857356297942e-03 -1.166869500240841351e-02 -2.514138809519772533e-02 -1.946257795014560976e-02 -1.066443528582106115e-02 1.946257795014560976e-02 -4.684859858712042691e-02 8.666872848094768766e-01 1.066443528582106115e-02 4.684859858712042691e-02 -8.646411660340269645e-02 1.333127151905231234e-01 8.646411660340269645e-02 -4.248889324265825440e-02 -3.043808794827085329e-02 -1.355573477323002152e-01 2.197768317939258198e-01
-3.172138861902484841e-02 -1.284969512423184135e-02 3.172138861902484841e-02 1.050193638869179047e-02 -8.369757106101216593e-03 1.991676263011528114e-01 8.369757106101216593e-03 3.449940402874251966e-02 1.066443528582172728e-02 8.008323736988471886e-01 -3.449940402874251966e-02 -2.383496874292079237e-02 -1.066443528582172728e-02 2.383496874292079237e-02 6.109501850250964594e-02 1.847758708244904291e-01 4.303166003197367306e-02 1.317053345709906509e-02
-3.486721927084701633e-02 -2.399742689797590423e-02 3.486721927084701633e-02 -1.180197999018806065e-03 -1.204999037188991817e-02 3.449940402874274170e-02 1.204999037188991817e-02 9.613828262412771331e-02 4.684859858712131508e-02 -3.449940402874274170e-02 9.038617173758722867e-01 -4.928968403700639822e-02 -4.684859858712131508e-02 4.928968403700639822e-02 4.455681364469932237e-02 3.557704818195761565e-02 1.562170695821577526e-01 2.441085449885083136e-03
-2.319852426843860282e-02 -1.800754204061960628e-02 2.319852426843860282e-02 -2.632158609421653139e-02 -3.151256832203552793e-02 2.383496874292168055e-02 3.151256832203552793e-02 4.928968403700728640e-02 -8.646411660340180827e-02 -2.383496874292168055e-02 -4.928968403700728640e-02 8.642461993595909053e-01 8.646411660340180827e-02 1.357538006404090947e-01 2.067920402041067973e-03 5.138960233686762358e-03 2.065972184985753746e-02 2.222179172438109029e-01
-1.166869500240841351e-02 -5.989884857356297942e-03 1.166869500240841351e-02 2.514138809519772533e-02 1.946257795014560976e-02 1.066443528582106115e-02 -1.946257795014560976e-02 4.684859858712042691e-02 1.333127151905231234e-01 -1.066443528582106115e-02 -4.684859858712042691e-02 8.646411660340269645e-02 8.666872848094768766e-01 -8.646411660340269645e-02 4.248889324265825440e-02 3.043808794827085329e-02 1.355573477323002152e-01 -2.197768317939258198e-01
2.319852426843860282e-02 1.800754204061960628e-02 -2.319852426843860282e-02 2.632158609421653139e-02 3.151256832203552793e-02 -2.383496874292168055e-02 -3.151256832203552793e-02 -4.928968403700728640e-02 8.646411660340180827e-02 2.383496874292168055e-02 4.928968403700728640e-02 1.357538006404090947e-01 -8.646411660340180827e-02 8.642461993595909053e-01 -2.067920402041067973e-03 -5.138960233686762358e-03 -2.065972184985753746e-02 -2.222179172438109029e-01
2.207855292858217355e-01 -4.724656290645556922e-04 -2.207855292858217355e-01 -2.200053793049601136e-01 1.252615609926177598e-03 -6.109501850250986799e-02 -1.252615609926177598e-03 -4.455681364469854522e-02 -4.248889324265803236e-02 6.109501850250986799e-02 4.455681364469854522e-02 2.067920402040512862e-03 4.248889324265803236e-02 -2.067920402040512862e-03 3.379510964943318596e-01 1.618880576513671565e-01 1.317070568076773585e-01 4.042097284061751949e-02
1.801803946370728049e-02 1.874505852328210986e-01 -1.801803946370728049e-02 1.047355134596028581e-02 -1.589589944231535323e-01 -1.847758708244910952e-01 1.589589944231535323e-01 -3.557704818195661645e-02 -3.043808794827129738e-02 1.847758708244910952e-01 3.557704818195661645e-02 5.138960233685319068e-03 3.043808794827129738e-02 -5.138960233685319068e-03 1.618880576513668235e-01 2.993820037504204556e-01 8.247030694696533271e-02 2.529912771458597831e-02
3.751902279044794231e-02 3.907029524763228068e-02 -3.751902279044794231e-02 1.676748071409392971e-01 1.661235346837549587e-01 -4.303166003197234080e-02 -1.661235346837549587e-01 -1.562170695821575306e-01 -1.355573477323016585e-01 4.303166003197234080e-02 1.562170695821575306e-01 2.065972184985587212e-02 1.355573477323016585e-01 -2.065972184985587212e-02 1.317070568076756931e-01 8.247030694696599884e-02 3.744272408608465552e-01 1.148976258824457863e-01
1.152982926603041136e-02 1.201765718326330834e-02 -1.152982926603041136e-02 5.146297418941414570e-02 5.097514627218124872e-02 -1.317053345710061940e-02 -5.097514627218124872e-02 -2.441085449886859493e-03 2.197768317939248206e-01 1.317053345710061940e-02 2.441085449886859493e-03 2.222179172438116801e-01 -2.197768317939248206e-01 -2.222179172438116801e-01 4.042097284061663132e-02 2.529912771458442400e-02 1.148976258824425667e-01 5.580052509622634993e-01
