7.598560555013924578e-01 -5.056068601249313899e-02 2.401439444986075422e-01 2.332339536714933548e-02 -3.529488529469532176e-02 -2.332339536714933548e-02 3.529488529469532176e-02 1.598564604335234174e-02 -5.486836918954574038e-03 -1.144842360477371646e-02 -1.598564604335234174e-02 5.486836918954574038e-03 4.644551746403158266e-03 1.144842360477371646e-02 1.776117685585684169e-01 3.434527081431937301e-02 1.013138866535773230e-02 1.144842360477371646e-02
-5.056068601249391614e-02 7.582581997411892427e-01 5.056068601249391614e-02 9.538624124000638638e-03 6.676099266569868185e-04 -9.538624124000638638e-03 -6.676099266569868185e-04 -3.989218970061125802e-02 -7.293728396846499429e-03 1.196338200602903301e-02 3.989218970061125802e-02 7.293728396846499429e-03 -2.219983939879771606e-02 -1.196338200602903301e-02 -1.809748801956591602e-01 -3.589014601808571125e-02 -1.490611100195121663e-02 -1.196338200602903301e-02
2.401439444986075422e-01 5.056068601249313899e-02 7.598560555013924578e-01 -2.332339536714933548e-02 3.529488529469532176e-02 2.332339536714933548e-02 -3.529488529469532176e-02 -1.598564604335234174e-02 5.486836918954574038e-03 1.144842360477371646e-02 1.598564604335234174e-02 -5.486836918954574038e-03 -4.644551746403158266e-03 -1.144842360477371646e-02 -1.776117685585684169e-01 -3.434527081431937301e-02 -1.013138866535773230e-02 -1.144842360477371646e-02
2.332339536714989059e-02 9.538624124001693350e-03 -2.332339536714989059e-02 8.667097874046882922e-01 -1.769518344335030413e-03 1.332902125953117078e-01 1.769518344335030413e-03 -3.812214879096464948e-02 -2.074522986905413813e-03 9.606788358383577808e-03 3.812214879096464948e-02 2.074522986905413813e-03 -1.271287410871235757e-02 -9.606788358383577808e-03 -1.488445021827949355e-01 -2.882036507515145507e-02 -1.063835112180694376e-02 -9.606788358383577808e-03
-3.529488529469509972e-02 6.676099266576529523e-04 3.529488529469509972e-02 -1.769518344335307969e-03 8.161849112585863875e-01 1.769518344335307969e-03 1.838150887414135570e-01 5.752234471323802723e-02 -2.314649557088138687e-02 -5.454773447094268812e-02 -5.752234471323802723e-02 2.314649557088138687e-02 2.614513605148754971e-02 5.454773447094268812e-02 -1.496221118643961123e-01 1.636432034128275093e-01 4.929163162236893658e-02 5.454773447094268812e-02
-2.332339536714989059e-02 -9.538624124001693350e-03 2.332339536714989059e-02 1.332902125953117078e-01 1.769518344335030413e-03 8.667097874046882922e-01 -1.769518344335030413e-03 3.812214879096464948e-02 2.074522986905413813e-03 -9.606788358383577808e-03 -3.812214879096464948e-02 -2.074522986905413813e-03 1.271287410871235757e-02 9.606788358383577808e-03 1.488445021827949355e-01 2.882036507515145507e-02 1.063835112180694376e-02 9.606788358383577808e-03
3.529488529469509972e-02 -6.676099266576529523e-04 -3.529488529469509972e-02 1.769518344335307969e-03 1.838150887414135570e-01 -1.769518344335307969e-03 8.161849112585863875e-01 -5.752234471323802723e-02 2.314649557088138687e-02 5.454773447094268812e-02 5.752234471323802723e-02 -2.314649557088138687e-02 -2.614513605148754971e-02 -5.454773447094268812e-02 1.496221118643961123e-01 -1.636432034128275093e-01 -4.929163162236893658e-02 -5.454773447094268812e-02
1.598564604335322992e-02 -3.989218970061081393e-02 -1.598564604335322992e-02 -3.812214879096420539e-02 5.752234471323841580e-02 3.812214879096420539e-02 -5.752234471323841580e-02 8.440075671076474606e-01 -1.756100389311993082e-02 5.776894537467780477e-02 1.559924328923525394e-01 1.756100389311993082e-02 -8.167837587654158682e-02 -5.776894537467780477e-02 -3.647763982168983343e-02 -1.733068361240330257e-01 -6.411737198342165600e-02 -5.776894537467780477e-02
-5.486836918953741371e-03 -7.293728396846388407e-03 5.486836918953741371e-03 -2.074522986905191768e-03 -2.314649557088127585e-02 2.074522986905191768e-03 2.314649557088127585e-02 -1.756100389312020837e-02 8.020184717826426279e-01 4.809900913489900676e-02 1.756100389312020837e-02 1.979815282173573165e-01 3.281034868263116300e-02 -4.809900913489900676e-02 -2.702791003567911465e-02 -1.442970274046972423e-01 2.307918768999884795e-01 -4.809900913489900676e-02
-1.144842360477360543e-02 1.196338200602858892e-02 1.144842360477360543e-02 9.606788358383633319e-03 -5.454773447094263261e-02 -9.606788358383633319e-03 5.454773447094263261e-02 5.776894537467769375e-02 4.809900913489900676e-02 7.098960777548699586e-01 -5.776894537467769375e-02 -4.809900913489900676e-02 1.875329081134946563e-02 2.901039222451300414e-01 -2.152914050175680494e-02 -1.296882332646107083e-01 -2.934571832354954113e-02 2.901039222451300414e-01
-1.598564604335322992e-02 3.989218970061081393e-02 1.598564604335322992e-02 3.812214879096420539e-02 -5.752234471323841580e-02 -3.812214879096420539e-02 5.752234471323841580e-02 1.559924328923525394e-01 1.756100389311993082e-02 -5.776894537467780477e-02 8.440075671076474606e-01 -1.756100389311993082e-02 8.167837587654158682e-02 5.776894537467780477e-02 3.647763982168983343e-02 1.733068361240330257e-01 6.411737198342165600e-02 5.776894537467780477e-02
5.486836918953741371e-03 7.293728396846388407e-03 -5.486836918953741371e-03 2.074522986905191768e-03 2.314649557088127585e-02 -2.074522986905191768e-03 -2.314649557088127585e-02 1.756100389312020837e-02 1.979815282173573165e-01 -4.809900913489900676e-02 -1.756100389312020837e-02 8.020184717826426279e-01 -3.281034868263116300e-02 4.809900913489900676e-02 2.702791003567911465e-02 1.442970274046972423e-01 -2.307918768999884795e-01 4.809900913489900676e-02
4.644551746403102754e-03 -2.219983939879704993e-02 -4.644551746403102754e-03 -1.271287410871246859e-02 2.614513605148749420e-02 1.271287410871246859e-02 -2.614513605148749420e-02 -8.167837587654175335e-02 3.281034868263149606e-02 1.875329081134952114e-02 8.167837587654175335e-02 -3.281034868263149606e-02 7.349001398455108358e-01 -1.875329081134952114e-02 -1.341212920242512707e-02 -5.625987243404823035e-02 -2.979102088371206603e-01 -1.875329081134952114e-02
1.144842360477360543e-02 -1.196338200602858892e-02 -1.144842360477360543e-02 -9.606788358383633319e-03 5.454773447094263261e-02 9.606788358383633319e-03 -5.454773447094263261e-02 -5.776894537467769375e-02 -4.809900913489900676e-02 2.901039222451300414e-01 5.776894537467769375e-02 4.809900913489900676e-02 -1.875329081134946563e-02 7.098960777548699586e-01 2.152914050175680494e-02 1.296882332646107083e-01 2.934571832354954113e-02 -2.901039222451300414e-01
1.776117685585684725e-01 -1.809748801956582165e-01 -1.776117685585684725e-01 -1.488445021827957127e-01 -1.496221118643963899e-01 1.488445021827957127e-01 1.496221118643963899e-01 -3.647763982169016650e-02 -2.702791003567861505e-02 -2.152914050175636085e-02 3.647763982169016650e-02 2.702791003567861505e-02 -1.341212920242579321e-02 2.152914050175636085e-02 3.429467371985811530e-01 6.458742150527124748e-02 1.361578083325282185e-02 2.152914050175636085e-02
3.434527081432103834e-02 -3.589014601808637739e-02 -3.434527081432103834e-02 -2.882036507515056689e-02 1.636432034128279533e-01 2.882036507515056689e-02 -1.636432034128279533e-01 -1.733068361240330257e-01 -1.442970274046969092e-01 -1.296882332646106528e-01 1.733068361240330257e-01 1.442970274046969092e-01 -5.625987243404856342e-02 1.296882332646106528e-01 6.458742150526997072e-02 3.890646997938314033e-01 8.803715497064834583e-02 1.296882332646106528e-01
1.013138866535678861e-02 -1.490611100195060601e-02 -1.013138866535678861e-02 -1.063835112180722131e-02 4.929163162236882556e-02 1.063835112180722131e-02 -4.929163162236882556e-02 -6.411737198342160049e-02 2.307918768999888126e-01 -2.934571832354948562e-02 6.411737198342160049e-02 -2.307918768999888126e-01 -2.979102088371202717e-01 2.934571832354948562e-02 1.361578083325420963e-02 8.803715497064890094e-02 4.712979142628909157e-01 2.934571832354948562e-02
1.144842360477360543e-02 -1.196338200602858892e-02 -1.144842360477360543e-02 -9.606788358383633319e-03 5.454773447094263261e-02 9.606788358383633319e-03 -5.454773447094263261e-02 -5.776894537467769375e-02 -4.809900913489900676e-02 2.901039222451300414e-01 5.776894537467769375e-02 4.809900913489900676e-02 -1.875329081134946563e-02 -2.901039222451300414e-01 2.152914050175680494e-02 1.296882332646107083e-01 2.934571832354954113e-02 7.098960777548699586e-01
