8.138804731427903283e-01 -8.733302061986192300e-03 8.733302061986192300e-03 -8.833921220566792742e-02 2.679164105220677161e-03 6.069684199306146777e-03 8.833921220566792742e-02 -2.746984658578233152e-02 -1.521734140497121857e-02 1.861195268572096717e-01 2.746984658578233152e-02 1.521734140497121857e-02 -2.679164105220677161e-03 -6.069684199306146777e-03 -5.465937733954984168e-04 4.565202421491437734e-02 2.135893734429920032e-01 1.521734140497121857e-02
-8.733302061986192300e-03 8.484213062369194702e-01 1.515786937630805298e-01 -5.799657125938789681e-02 1.608735314050113718e-02 8.411481789083422034e-02 5.799657125938789681e-02 -1.420962085949828424e-02 -1.094673759997250029e-02 8.733302061986192300e-03 1.420962085949828424e-02 1.094673759997250029e-02 -1.608735314050113718e-02 -8.411481789083422034e-02 1.303114034781280017e-01 3.284021279991711229e-02 2.294292292148447654e-02 1.094673759997250029e-02
8.733302061986192300e-03 1.515786937630805298e-01 8.484213062369194702e-01 5.799657125938789681e-02 -1.608735314050113718e-02 -8.411481789083422034e-02 -5.799657125938789681e-02 1.420962085949828424e-02 1.094673759997250029e-02 -8.733302061986192300e-03 -1.420962085949828424e-02 -1.094673759997250029e-02 1.608735314050113718e-02 8.411481789083422034e-02 -1.303114034781280017e-01 -3.284021279991711229e-02 -2.294292292148447654e-02 -1.094673759997250029e-02
-8.833921220566776089e-02 -5.799657125938784130e-02 5.799657125938784130e-02 7.786066015575920929e-01 5.053244848914567600e-02 5.561726702461061711e-02 2.213933984424079626e-01 3.518886278606747631e-02 -6.414556530711890137e-02 8.833921220566776089e-02 -3.518886278606747631e-02 6.414556530711890137e-02 -5.053244848914567600e-02 -5.561726702461061711e-02 -1.551124351199365536e-01 1.924366959213564821e-01 5.315034941960028458e-02 6.414556530711890137e-02
2.679164105220621650e-03 1.608735314050108167e-02 -1.608735314050108167e-02 5.053244848914567600e-02 8.495000989046390671e-01 -4.805527099162215654e-02 -5.053244848914567600e-02 1.655074664353589631e-02 8.495425461402417167e-03 -2.679164105220621650e-03 -1.655074664353589631e-02 -8.495425461402417167e-03 1.504999010953609884e-01 4.805527099162215654e-02 -9.970604571087759993e-02 -2.548627638420736252e-02 -1.922991074875651796e-02 -8.495425461402417167e-03
6.069684199306091266e-03 8.411481789083438687e-02 -8.411481789083438687e-02 5.561726702461061711e-02 -4.805527099162221205e-02 8.929322589162738133e-01 -5.561726702461061711e-02 1.557650579158903481e-02 1.001019030825534006e-02 -6.069684199306091266e-03 -1.557650579158903481e-02 -1.001019030825534006e-02 4.805527099162221205e-02 1.070677410837262422e-01 -1.184964743246786911e-01 -3.003057092476624224e-02 -2.164618999089512608e-02 -1.001019030825534006e-02
8.833921220566776089e-02 5.799657125938784130e-02 -5.799657125938784130e-02 2.213933984424079626e-01 -5.053244848914567600e-02 -5.561726702461061711e-02 7.786066015575920929e-01 -3.518886278606747631e-02 6.414556530711890137e-02 -8.833921220566776089e-02 3.518886278606747631e-02 -6.414556530711890137e-02 5.053244848914567600e-02 5.561726702461061711e-02 1.551124351199365536e-01 -1.924366959213564821e-01 -5.315034941960028458e-02 -6.414556530711890137e-02
-2.746984658578244254e-02 -1.420962085949856180e-02 1.420962085949856180e-02 3.518886278606764284e-02 1.655074664353600733e-02 1.557650579158936788e-02 -3.518886278606764284e-02 7.985186605113033798e-01 5.916755056869116292e-02 2.746984658578244254e-02 2.014813394886966202e-01 -5.916755056869116292e-02 -1.655074664353600733e-02 -1.557650579158936788e-02 -5.729689403615495502e-02 -1.775026517060731002e-01 2.289511860744790628e-01 -5.916755056869116292e-02
-1.521734140497121857e-02 -1.094673759997244478e-02 1.094673759997244478e-02 -6.414556530711890137e-02 8.495425461402472678e-03 1.001019030825539557e-02 6.414556530711890137e-02 5.916755056869105189e-02 7.191717210310474284e-01 1.521734140497121857e-02 -5.916755056869105189e-02 2.808282789689525716e-01 -8.495425461402472678e-03 -1.001019030825539557e-02 -2.445388527094521924e-02 -1.575151630931426183e-01 -4.395020916371983333e-02 2.808282789689525716e-01
1.861195268572096717e-01 8.733302061986192300e-03 -8.733302061986192300e-03 8.833921220566792742e-02 -2.679164105220677161e-03 -6.069684199306146777e-03 -8.833921220566792742e-02 2.746984658578233152e-02 1.521734140497121857e-02 8.138804731427903283e-01 -2.746984658578233152e-02 -1.521734140497121857e-02 2.679164105220677161e-03 6.069684199306146777e-03 5.465937733954984168e-04 -4.565202421491437734e-02 -2.135893734429920032e-01 -1.521734140497121857e-02
2.746984658578244254e-02 1.420962085949856180e-02 -1.420962085949856180e-02 -3.518886278606764284e-02 -1.655074664353600733e-02 -1.557650579158936788e-02 3.518886278606764284e-02 2.014813394886966202e-01 -5.916755056869116292e-02 -2.746984658578244254e-02 7.985186605113033798e-01 5.916755056869116292e-02 1.655074664353600733e-02 1.557650579158936788e-02 5.729689403615495502e-02 1.775026517060731002e-01 -2.289511860744790628e-01 5.916755056869116292e-02
1.521734140497121857e-02 1.094673759997244478e-02 -1.094673759997244478e-02 6.414556530711890137e-02 -8.495425461402472678e-03 -1.001019030825539557e-02 -6.414556530711890137e-02 -5.916755056869105189e-02 2.808282789689525716e-01 -1.521734140497121857e-02 5.916755056869105189e-02 7.191717210310474284e-01 8.495425461402472678e-03 1.001019030825539557e-02 2.445388527094521924e-02 1.575151630931426183e-01 4.395020916371983333e-02 -2.808282789689525716e-01
-2.679164105220621650e-03 -1.608735314050108167e-02 1.608735314050108167e-02 -5.053244848914567600e-02 1.504999010953609884e-01 4.805527099162215654e-02 5.053244848914567600e-02 -1.655074664353589631e-02 -8.495425461402417167e-03 2.679164105220621650e-03 1.655074664353589631e-02 8.495425461402417167e-03 8.495000989046390671e-01 -4.805527099162215654e-02 9.970604571087759993e-02 2.548627638420736252e-02 1.922991074875651796e-02 8.495425461402417167e-03
-6.069684199306091266e-03 -8.411481789083438687e-02 8.411481789083438687e-02 -5.561726702461061711e-02 4.805527099162221205e-02 1.070677410837262422e-01 5.561726702461061711e-02 -1.557650579158903481e-02 -1.001019030825534006e-02 6.069684199306091266e-03 1.557650579158903481e-02 1.001019030825534006e-02 -4.805527099162221205e-02 8.929322589162738133e-01 1.184964743246786911e-01 3.003057092476624224e-02 2.164618999089512608e-02 1.001019030825534006e-02
-5.465937733953873945e-04 1.303114034781278907e-01 -1.303114034781278907e-01 -1.551124351199361096e-01 -9.970604571087765544e-02 -1.184964743246782470e-01 1.551124351199361096e-01 -5.729689403615634280e-02 -2.445388527094533027e-02 5.465937733953873945e-04 5.729689403615634280e-02 2.445388527094533027e-02 9.970604571087765544e-02 1.184964743246782470e-01 2.845109059836830045e-01 7.336165581283443649e-02 5.784348780955173019e-02 2.445388527094533027e-02
4.565202421491421081e-02 3.284021279991672371e-02 -3.284021279991672371e-02 1.924366959213567596e-01 -2.548627638420714048e-02 -3.003057092476579815e-02 -1.924366959213567596e-01 -1.775026517060730447e-01 -1.575151630931423963e-01 -4.565202421491421081e-02 1.775026517060730447e-01 1.575151630931423963e-01 2.548627638420714048e-02 3.003057092476579815e-02 7.336165581283660142e-02 4.725454892794277439e-01 1.318506274911588338e-01 1.575151630931423963e-01
2.135893734429921142e-01 2.294292292148480961e-02 -2.294292292148480961e-02 5.315034941960028458e-02 -1.922991074875668449e-02 -2.164618999089551465e-02 -5.315034941960028458e-02 2.289511860744790628e-01 -4.395020916371983333e-02 -2.135893734429921142e-01 -2.289511860744790628e-01 4.395020916371983333e-02 1.922991074875668449e-02 2.164618999089551465e-02 5.784348780955050895e-02 1.318506274911589449e-01 5.574594404825288230e-01 4.395020916371983333e-02
1.521734140497121857e-02 1.094673759997244478e-02 -1.094673759997244478e-02 6.414556530711890137e-02 -8.495425461402472678e-03 -1.001019030825539557e-02 -6.414556530711890137e-02 -5.916755056869105189e-02 2.808282789689525716e-01 -1.521734140497121857e-02 5.916755056869105189e-02 -2.808282789689525716e-01 8.495425461402472678e-03 1.001019030825539557e-02 2.445388527094521924e-02 1.575151630931426183e-01 4.395020916371983333e-02 7.191717210310474284e-01
