9.095832009348618907e-01 -3.196791785112107487e-02 -2.295292319289202188e-02 3.196791785112107487e-02 9.041679906513816478e-02 2.295292319289202188e-02 -9.014994658229052993e-03 4.691304767208728799e-02 -1.945508410027590313e-02 8.166049046166995451e-03 1.945508410027590313e-02 4.098291250935012786e-02 1.431017262257214262e-01 2.762113314644289858e-02
-3.196791785112107487e-02 8.495000989046390671e-01 -4.805527099162215654e-02 1.504999010953609884e-01 3.196791785112107487e-02 4.805527099162215654e-02 -1.024446301037388318e-01 2.092226808306871244e-02 -5.473415298625695924e-03 -1.053871358146574178e-02 5.473415298625695924e-03 2.529445311990998202e-01 9.039540403538853797e-03 -5.065298282840045851e-03
-2.295292319289185534e-02 -4.805527099162221205e-02 8.929322589162738133e-01 4.805527099162221205e-02 2.295292319289185534e-02 1.070677410837262422e-01 5.901247009210403016e-02 -1.711595257025980144e-02 -8.494759131161475074e-04 3.823703378360820970e-02 8.494759131161475074e-04 -1.095719910048181811e-02 1.336801480148541443e-01 3.908650969672435721e-02
3.196791785112107487e-02 1.504999010953609884e-01 4.805527099162215654e-02 8.495000989046390671e-01 -3.196791785112107487e-02 -4.805527099162215654e-02 1.024446301037388318e-01 -2.092226808306871244e-02 5.473415298625695924e-03 1.053871358146574178e-02 -5.473415298625695924e-03 -2.529445311990998202e-01 -9.039540403538853797e-03 5.065298282840045851e-03
9.041679906513816478e-02 3.196791785112107487e-02 2.295292319289202188e-02 -3.196791785112107487e-02 9.095832009348618907e-01 -2.295292319289202188e-02 9.014994658229052993e-03 -4.691304767208728799e-02 1.945508410027590313e-02 -8.166049046166995451e-03 -1.945508410027590313e-02 -4.098291250935012786e-02 -1.431017262257214262e-01 -2.762113314644289858e-02
2.295292319289185534e-02 4.805527099162221205e-02 1.070677410837262422e-01 -4.805527099162221205e-02 -2.295292319289185534e-02 8.929322589162738133e-01 -5.901247009210403016e-02 1.711595257025980144e-02 8.494759131161475074e-04 -3.823703378360820970e-02 -8.494759131161475074e-04 1.095719910048181811e-02 -1.336801480148541443e-01 -3.908650969672435721e-02
-9.014994658229219526e-03 -1.024446301037387763e-01 5.901247009210408567e-02 1.024446301037387763e-01 9.014994658229219526e-03 -5.901247009210408567e-02 8.385428998041570825e-01 3.803822065332851388e-02 -4.623939385509548416e-03 -4.877574736507395148e-02 4.623939385509548416e-03 2.639017302995816383e-01 -1.246406076113152350e-01 -4.415180797956440306e-02
4.691304767208756554e-02 2.092226808306862917e-02 -1.711595257025971817e-02 -2.092226808306862917e-02 -4.691304767208756554e-02 1.711595257025971817e-02 3.803822065332834734e-02 8.566993105276904386e-01 6.050462795162871860e-02 2.990614454302406577e-02 -6.050462795162871860e-02 -5.896048873639697652e-02 -1.649657084638331273e-01 -3.059848340860465282e-02
-1.945508410027588231e-02 -5.473415298625709802e-03 -8.494759131161266907e-04 5.473415298625709802e-03 1.945508410027588231e-02 8.494759131161266907e-04 -4.623939385509583111e-03 6.050462795162886431e-02 8.380059755891804407e-01 4.588761516766366733e-02 1.619940244108195315e-01 1.009735468413529291e-02 3.029763341184762981e-02 2.078816395784832127e-01
8.166049046166717895e-03 -1.053871358146551973e-02 3.823703378360804317e-02 1.053871358146551973e-02 -8.166049046166717895e-03 -3.823703378360804317e-02 -4.877574736507356290e-02 2.990614454302367720e-02 4.588761516766372978e-02 7.809371748652690348e-01 -4.588761516766372978e-02 5.931446094653908263e-02 1.537901394829063462e-01 -2.649504403023946741e-01
1.945508410027588231e-02 5.473415298625709802e-03 8.494759131161266907e-04 -5.473415298625709802e-03 -1.945508410027588231e-02 -8.494759131161266907e-04 4.623939385509583111e-03 -6.050462795162886431e-02 1.619940244108195315e-01 -4.588761516766366733e-02 8.380059755891804407e-01 -1.009735468413529291e-02 -3.029763341184762981e-02 -2.078816395784832127e-01
4.098291250935029439e-02 2.529445311990997647e-01 -1.095719910048192913e-02 -2.529445311990997647e-01 -4.098291250935029439e-02 1.095719910048192913e-02 2.639017302995816938e-01 -5.896048873639722632e-02 1.009735468413524434e-02 5.931446094653969325e-02 -1.009735468413524434e-02 4.831537385013184860e-01 1.156010672077764367e-01 4.921710626240444891e-02
1.431017262257217038e-01 9.039540403538715019e-03 1.336801480148546717e-01 -9.039540403538715019e-03 -1.431017262257217038e-01 -1.336801480148546717e-01 -1.246406076113159567e-01 -1.649657084638321558e-01 3.029763341184747716e-02 1.537901394829058466e-01 -3.029763341184747716e-02 1.156010672077772417e-01 2.798216702013696100e-01 1.234925060710583694e-01
2.762113314644260020e-02 -5.065298282839802990e-03 3.908650969672416986e-02 5.065298282839802990e-03 -2.762113314644260020e-02 -3.908650969672416986e-02 -4.415180797956397285e-02 -3.059848340860521487e-02 2.078816395784832682e-01 -2.649504403023946186e-01 -2.078816395784832682e-01 4.921710626240377584e-02 1.234925060710586053e-01 5.271679201191221686e-01
