8.601086068067271828e-01 -9.638764180022227346e-02 4.104954385135281547e-02 1.398913931932728727e-01 1.726590435967839676e-02 5.102827542661558802e-03 2.863913061922715442e-02 4.830345188940413093e-02 -1.591739877011583149e-02 8.441091445357540302e-04 -8.441091445357540302e-04 -4.104954385135281547e-02 2.378363949167441871e-02 1.153778125885399630e-01 6.632737179866385335e-02 3.323016226382402571e-02
-9.638764180022199590e-02 8.566993105276904386e-01 6.050462795162871860e-02 9.638764180022199590e-02 5.288991697765677708e-02 -1.181187650623138907e-03 4.854150434853299334e-02 5.877782143277412996e-02 -1.895877254937269885e-02 -5.345438145151870657e-03 5.345438145151870657e-03 -6.050462795162871860e-02 7.614710973971941521e-03 1.139472442821505838e-01 7.013049053610750927e-02 3.447361073824953270e-02
4.104954385135298200e-02 6.050462795162886431e-02 8.380059755891804407e-01 -4.104954385135298200e-02 5.560178129152699988e-02 -1.578648836126655963e-03 -3.707382485260798943e-03 -8.519472499402033772e-03 2.853273030870531746e-03 -7.260496483221939856e-04 7.260496483221939856e-04 1.619940244108195315e-01 -2.175958057023465453e-01 -2.266308109634337931e-02 -1.264110326657535976e-02 -6.392249116853709889e-03
1.398913931932728727e-01 9.638764180022227346e-02 -4.104954385135281547e-02 8.601086068067271828e-01 -1.726590435967839676e-02 -5.102827542661558802e-03 -2.863913061922715442e-02 -4.830345188940413093e-02 1.591739877011583149e-02 -8.441091445357540302e-04 8.441091445357540302e-04 4.104954385135281547e-02 -2.378363949167441871e-02 -1.153778125885399630e-01 -6.632737179866385335e-02 -3.323016226382402571e-02
1.726590435967861881e-02 5.288991697765704769e-02 5.560178129152708315e-02 -1.726590435967861881e-02 7.482392363067726926e-01 6.988089667703478725e-03 -6.598054474601028341e-02 -6.702040091858946225e-02 2.128718576498200843e-02 1.094259913049733246e-02 -1.094259913049733246e-02 -5.560178129152708315e-02 3.073625449847544600e-01 -1.099778678867272541e-01 -7.194968181153249542e-02 -3.479061602311006585e-02
5.102827542661558802e-03 -1.181187650623083396e-03 -1.578648836126600452e-03 -5.102827542661558802e-03 6.988089667704006080e-03 7.984739638414453111e-01 7.465090155771919589e-02 4.469478898847262238e-02 -1.404559358430779170e-02 -2.818630927222109950e-02 2.818630927222109950e-02 1.578648836126600452e-03 -8.566738503830606533e-03 -2.462926000279000438e-02 -2.931760169262909721e-01 2.462886131943731183e-03
2.863913061922754300e-02 4.854150434853318763e-02 -3.707382485260882210e-03 -2.863913061922754300e-02 -6.598054474601054709e-02 7.465090155771930691e-02 8.421952900721146884e-01 -8.642326978315223451e-02 2.843228764909871975e-02 7.522794935096671631e-02 -7.522794935096671631e-02 3.707382485260882210e-03 6.227316226074966488e-02 1.582582989289886277e-01 1.745940262599693371e-02 1.723696721691320155e-02
4.830345188940401990e-02 5.877782143277407445e-02 -8.519472499402103161e-03 -4.830345188940401990e-02 -6.702040091858940674e-02 4.469478898847278892e-02 -8.642326978315223451e-02 7.659686941545139627e-01 7.476240095115810336e-02 -6.231374963783159471e-02 6.231374963783159471e-02 8.519472499402103161e-03 5.850092841918730358e-02 1.417017882735415735e-01 4.934590210280198619e-02 -2.215826545321595287e-01
-1.591739877011444371e-02 -1.895877254937186618e-02 2.853273030870434601e-03 1.591739877011444371e-02 2.128718576498131454e-02 -1.404559358430740312e-02 2.843228764909905282e-02 7.476240095115876949e-02 6.658019270794608424e-01 2.511794162069158620e-02 -2.511794162069158620e-02 -2.853273030870434601e-03 -1.843391273411087994e-02 -4.441350589411741101e-02 -1.666341920598019000e-02 -2.343177303486888019e-01
8.441091445351989186e-04 -5.345438145152203724e-03 -7.260496483223188857e-04 -8.441091445351989186e-04 1.094259913049747124e-02 -2.818630927222115501e-02 7.522794935096682734e-02 -6.231374963783137266e-02 2.511794162069114211e-02 8.399813383089042018e-01 1.600186616910957982e-01 7.260496483223188857e-04 -1.166864877881979012e-02 -3.158693429607953296e-02 5.930353441837399320e-03 -1.972144697082360287e-01
-8.441091445351989186e-04 5.345438145152203724e-03 7.260496483223188857e-04 8.441091445351989186e-04 -1.094259913049747124e-02 2.818630927222115501e-02 -7.522794935096682734e-02 6.231374963783137266e-02 -2.511794162069114211e-02 1.600186616910957982e-01 8.399813383089042018e-01 -7.260496483223188857e-04 1.166864877881979012e-02 3.158693429607953296e-02 -5.930353441837399320e-03 1.972144697082360287e-01
-4.104954385135298200e-02 -6.050462795162886431e-02 1.619940244108195315e-01 4.104954385135298200e-02 -5.560178129152699988e-02 1.578648836126655963e-03 3.707382485260798943e-03 8.519472499402033772e-03 -2.853273030870531746e-03 7.260496483221939856e-04 -7.260496483221939856e-04 8.380059755891804407e-01 2.175958057023465453e-01 2.266308109634337931e-02 1.264110326657535976e-02 6.392249116853709889e-03
2.378363949167436320e-02 7.614710973971844377e-03 -2.175958057023466008e-01 -2.378363949167436320e-02 3.073625449847543489e-01 -8.566738503830162443e-03 6.227316226074949834e-02 5.850092841918744235e-02 -1.843391273411146281e-02 -1.166864877881954032e-02 1.166864877881954032e-02 2.175958057023466008e-01 4.750416493128990503e-01 8.731478679038390256e-02 5.930857854495710790e-02 2.839836690625641147e-02
1.153778125885391304e-01 1.139472442821500286e-01 -2.266308109634267154e-02 -1.153778125885391304e-01 -1.099778678867266574e-01 -2.462926000279125338e-02 1.582582989289890163e-01 1.417017882735411849e-01 -4.441350589411319216e-02 -3.158693429608039338e-02 3.158693429608039338e-02 2.266308109634267154e-02 8.731478679038398583e-02 1.979244934775438169e-01 1.381832345597189260e-01 6.570134808334759935e-02
6.632737179866454724e-02 7.013049053610859174e-02 -1.264110326657541528e-02 -6.632737179866454724e-02 -7.194968181153194031e-02 -2.931760169262905835e-01 1.745940262599743331e-02 4.934590210280209721e-02 -1.666341920598080062e-02 5.930353441837676876e-03 -5.930353441837676876e-03 1.264110326657541528e-02 5.930857854495652504e-02 1.381832345597175382e-01 2.934278996388872685e-01 3.861283633865897347e-02
3.323016226382474736e-02 3.447361073825003230e-02 -6.392249116853987445e-03 -3.323016226382474736e-02 -3.479061602311062096e-02 2.462886131944230783e-03 1.723696721691370115e-02 -2.215826545321587515e-01 -2.343177303486899676e-01 -1.972144697082358622e-01 1.972144697082358622e-01 6.392249116853987445e-03 2.839836690625663351e-02 6.570134808334468501e-02 3.861283633865919551e-02 3.468851454109154187e-01
