6.658019270794608424e-01 -1.721426134623882387e-02 1.221942469148302735e-01 1.721426134623882387e-02 -1.221942469148302735e-01 -2.429570564233896057e-02 6.081845473559066573e-02 2.429570564233896057e-02 -6.073926410584684632e-03 6.073926410584684632e-03 -6.081845473559066573e-02 7.445197225617805614e-02 -7.445197225617805614e-02 1.775753033132312364e-01 6.681319051642875539e-02 1.822177923175427594e-02 1.363351752058739041e-02
-1.721426134624026716e-02 8.591552697253372894e-01 -4.476279812925176849e-02 1.408447302746627106e-01 4.476279812925176849e-02 -4.734065629648420703e-02 -1.660363637757744648e-02 4.734065629648420703e-02 -1.183516407412077420e-02 1.183516407412077420e-02 1.660363637757744648e-02 2.512720546305446945e-02 -2.512720546305446945e-02 -2.197124010738333855e-01 1.301868048153298485e-01 3.550549222236343283e-02 4.173084184063191593e-02
1.221942469148303845e-01 -4.476279812925354484e-02 6.489359241907384224e-01 4.476279812925354484e-02 3.510640758092615776e-01 -5.764640572565582488e-02 -7.901246213560941811e-02 5.764640572565582488e-02 -1.441160143141329009e-02 1.441160143141329009e-02 7.901246213560941811e-02 -2.162792819608072570e-02 2.162792819608072570e-02 1.393442326359241035e-01 1.585276157455597357e-01 4.323480429424253479e-02 5.738453393952869241e-02
1.721426134624026716e-02 1.408447302746627106e-01 4.476279812925176849e-02 8.591552697253372894e-01 -4.476279812925176849e-02 4.734065629648420703e-02 1.660363637757744648e-02 -4.734065629648420703e-02 1.183516407412077420e-02 -1.183516407412077420e-02 -1.660363637757744648e-02 -2.512720546305446945e-02 2.512720546305446945e-02 2.197124010738333855e-01 -1.301868048153298485e-01 -3.550549222236343283e-02 -4.173084184063191593e-02
-1.221942469148303845e-01 4.476279812925354484e-02 3.510640758092615776e-01 -4.476279812925354484e-02 6.489359241907384224e-01 5.764640572565582488e-02 7.901246213560941811e-02 -5.764640572565582488e-02 1.441160143141329009e-02 -1.441160143141329009e-02 -7.901246213560941811e-02 2.162792819608072570e-02 -2.162792819608072570e-02 -1.393442326359241035e-01 -1.585276157455597357e-01 -4.323480429424253479e-02 -5.738453393952869241e-02
-2.429570564233884955e-02 -4.734065629648354090e-02 -5.764640572565538079e-02 4.734065629648354090e-02 5.764640572565538079e-02 6.736558582641225534e-01 5.200423960584887872e-02 3.263441417358774466e-01 -8.158603543396947266e-02 8.158603543396947266e-02 -5.200423960584887872e-02 1.479499027570119196e-02 -1.479499027570119196e-02 -1.273920122497285146e-02 -1.025536102263395755e-01 2.447581063019079739e-01 -3.720924933014768676e-02
6.081845473559099879e-02 -1.660363637757722444e-02 -7.901246213561030629e-02 1.660363637757722444e-02 7.901246213561030629e-02 5.200423960584865668e-02 8.268031086484293191e-01 -5.200423960584865668e-02 1.300105990146183110e-02 -1.300105990146183110e-02 1.731968913515706809e-01 5.576178566801925918e-02 -5.576178566801925918e-02 -1.501326535513514138e-02 -1.430116589160859153e-01 -3.900317970438682558e-02 2.289586770195899401e-01
2.429570564233884955e-02 4.734065629648354090e-02 5.764640572565538079e-02 -4.734065629648354090e-02 -5.764640572565538079e-02 3.263441417358774466e-01 -5.200423960584887872e-02 6.736558582641225534e-01 8.158603543396947266e-02 -8.158603543396947266e-02 5.200423960584887872e-02 -1.479499027570119196e-02 1.479499027570119196e-02 1.273920122497285146e-02 1.025536102263395755e-01 -2.447581063019079739e-01 3.720924933014768676e-02
-6.073926410584795654e-03 -1.183516407412099625e-02 -1.441160143141417826e-02 1.183516407412099625e-02 1.441160143141417826e-02 -8.158603543396925062e-02 1.300105990146227519e-02 8.158603543396925062e-02 7.296034911415074653e-01 2.703965088584925347e-01 -1.300105990146227519e-02 3.698747568924964924e-03 -3.698747568924964924e-03 -3.184800306243018575e-03 -2.563840255658456080e-02 -1.888104734245232841e-01 -9.302312332537310269e-03
6.073926410584795654e-03 1.183516407412099625e-02 1.441160143141417826e-02 -1.183516407412099625e-02 -1.441160143141417826e-02 8.158603543396925062e-02 -1.300105990146227519e-02 -8.158603543396925062e-02 2.703965088584925347e-01 7.296034911415074653e-01 1.300105990146227519e-02 -3.698747568924964924e-03 3.698747568924964924e-03 3.184800306243018575e-03 2.563840255658456080e-02 1.888104734245232841e-01 9.302312332537310269e-03
-6.081845473559099879e-02 1.660363637757722444e-02 7.901246213561030629e-02 -1.660363637757722444e-02 -7.901246213561030629e-02 -5.200423960584865668e-02 1.731968913515706809e-01 5.200423960584865668e-02 -1.300105990146183110e-02 1.300105990146183110e-02 8.268031086484293191e-01 -5.576178566801925918e-02 5.576178566801925918e-02 1.501326535513514138e-02 1.430116589160859153e-01 3.900317970438682558e-02 -2.289586770195899401e-01
7.445197225617838921e-02 2.512720546305335922e-02 -2.162792819608183592e-02 -2.512720546305335922e-02 2.162792819608183592e-02 1.479499027570074787e-02 5.576178566801903713e-02 -1.479499027570074787e-02 3.698747568925186968e-03 -3.698747568925186968e-03 -5.576178566801903713e-02 8.364944923970574209e-01 1.635055076029425791e-01 -2.569633133989834839e-03 -4.068622325817528029e-02 -1.109624270677556090e-02 -2.192672932709616163e-01
-7.445197225617838921e-02 -2.512720546305335922e-02 2.162792819608183592e-02 2.512720546305335922e-02 -2.162792819608183592e-02 -1.479499027570074787e-02 -5.576178566801903713e-02 1.479499027570074787e-02 -3.698747568925186968e-03 3.698747568925186968e-03 5.576178566801903713e-02 1.635055076029425791e-01 8.364944923970574209e-01 2.569633133989834839e-03 4.068622325817528029e-02 1.109624270677556090e-02 2.192672932709616163e-01
1.775753033132284608e-01 -2.197124010738333855e-01 1.393442326359277672e-01 2.197124010738333855e-01 -1.393442326359277672e-01 -1.273920122497340657e-02 -1.501326535513580751e-02 1.273920122497340657e-02 -3.184800306243795731e-03 3.184800306243795731e-03 1.501326535513580751e-02 -2.569633133988835638e-03 2.569633133988835638e-03 2.436556619031770010e-01 3.503280336867176104e-02 9.554400918729610837e-03 1.244363222114697187e-02
6.681319051643141993e-02 1.301868048153316249e-01 1.585276157455552948e-01 -1.301868048153316249e-01 -1.585276157455552948e-01 -1.025536102263395755e-01 -1.430116589160865814e-01 1.025536102263395755e-01 -2.563840255658678124e-02 2.563840255658678124e-02 1.430116589160865814e-01 -4.068622325817683461e-02 4.068622325817683461e-02 3.503280336867653499e-02 2.820224281224235074e-01 7.691520766975279422e-02 1.023254356579097468e-01
1.822177923175405390e-02 3.550549222236254465e-02 4.323480429424120253e-02 -3.550549222236254465e-02 -4.323480429424120253e-02 2.447581063019081959e-01 -3.900317970438660353e-02 -2.447581063019081959e-01 -1.888104734245228400e-01 1.888104734245228400e-01 3.900317970438660353e-02 -1.109624270677622704e-02 1.109624270677622704e-02 9.554400918729832881e-03 7.691520766975501466e-02 5.664314202735689641e-01 2.790693699761037649e-02
1.363351752058739041e-02 4.173084184063058366e-02 5.738453393952847037e-02 -4.173084184063058366e-02 -5.738453393952847037e-02 -3.720924933014790881e-02 2.289586770195897181e-01 3.720924933014790881e-02 -9.302312332536644135e-03 9.302312332536644135e-03 -2.289586770195897181e-01 -2.192672932709618383e-01 2.192672932709618383e-01 1.244363222114530654e-02 1.023254356579106350e-01 2.790693699761126467e-02 5.517740297094484436e-01
