8.364944923970574209e-01 1.635055076029425791e-01 -5.476935128034332578e-02 -5.286282808318221171e-02 5.476935128034332578e-02 -8.925638624981857561e-03 8.925638624981857561e-03 1.083216182214297163e-02 -1.083216182214297163e-02 1.636170501743405836e-01 4.584371265536146822e-02 1.975780044712482919e-02
1.635055076029425791e-01 8.364944923970574209e-01 5.476935128034332578e-02 5.286282808318221171e-02 -5.476935128034332578e-02 8.925638624981857561e-03 -8.925638624981857561e-03 -1.083216182214297163e-02 1.083216182214297163e-02 -1.636170501743405836e-01 -4.584371265536146822e-02 -1.975780044712482919e-02
-5.476935128034576827e-02 5.476935128034576827e-02 8.070449503025300952e-01 -5.843644823987714787e-02 1.929550496974699048e-01 3.853743392325825745e-02 -3.853743392325825745e-02 9.598116753433449944e-02 -9.598116753433449944e-02 -1.314737991281444973e-01 2.314924836207281622e-01 5.744373361107624198e-02
-5.286282808318487625e-02 5.286282808318487625e-02 -5.843644823987848014e-02 7.696205199825649768e-01 5.843644823987848014e-02 -9.938852334257353149e-02 9.938852334257353149e-02 -7.255450843498301161e-02 7.255450843498301161e-02 -1.906423153183640640e-01 -4.095207510269505136e-02 2.683401490759051988e-02
5.476935128034576827e-02 -5.476935128034576827e-02 1.929550496974699048e-01 5.843644823987714787e-02 8.070449503025300952e-01 -3.853743392325825745e-02 3.853743392325825745e-02 -9.598116753433449944e-02 9.598116753433449944e-02 1.314737991281444973e-01 -2.314924836207281622e-01 -5.744373361107624198e-02
-8.925638624980747338e-03 8.925638624980747338e-03 3.853743392325958972e-02 -9.938852334257353149e-02 -3.853743392325958972e-02 8.278911771130776920e-01 1.721088228869223080e-01 3.418286562108918680e-02 -3.418286562108918680e-02 -4.887671574873975189e-02 -2.106462568101818977e-01 2.062916885080114948e-01
8.925638624980747338e-03 -8.925638624980747338e-03 -3.853743392325958972e-02 9.938852334257353149e-02 3.853743392325958972e-02 1.721088228869223080e-01 8.278911771130776920e-01 -3.418286562108918680e-02 3.418286562108918680e-02 4.887671574873975189e-02 2.106462568101818977e-01 -2.062916885080114948e-01
1.083216182214163936e-02 -1.083216182214163936e-02 9.598116753433183490e-02 -7.255450843498434388e-02 -9.598116753433183490e-02 3.418286562109051907e-02 -3.418286562109051907e-02 7.972814584095933022e-01 2.027185415904066978e-01 -1.029180044147981476e-02 -6.179830191324131583e-02 -2.369014072114972169e-01
-1.083216182214163936e-02 1.083216182214163936e-02 -9.598116753433183490e-02 7.255450843498434388e-02 9.598116753433183490e-02 -3.418286562109051907e-02 3.418286562109051907e-02 2.027185415904066978e-01 7.972814584095933022e-01 1.029180044147981476e-02 6.179830191324131583e-02 2.369014072114972169e-01
1.636170501743350325e-01 -1.636170501743350325e-01 -1.314737991281493823e-01 -1.906423153183667285e-01 1.314737991281493823e-01 -4.887671574873997393e-02 4.887671574873997393e-02 -1.029180044147737227e-02 1.029180044147737227e-02 2.918034182103719232e-01 8.259708337940940837e-02 3.858491530726260166e-02
4.584371265536502094e-02 -4.584371265536502094e-02 2.314924836207294945e-01 -4.095207510269638362e-02 -2.314924836207294945e-01 -2.106462568101805655e-01 2.106462568101805655e-01 -6.179830191324531263e-02 6.179830191324531263e-02 8.259708337940474543e-02 5.578612595690899401e-01 1.488479548969352528e-01
1.975780044712238670e-02 -1.975780044712238670e-02 5.744373361107224518e-02 2.683401490758918762e-02 -5.744373361107224518e-02 2.062916885080128271e-01 -2.062916885080128271e-01 -2.369014072114958847e-01 2.369014072114958847e-01 3.858491530725993712e-02 1.488479548969405819e-01 5.568069042804912883e-01
