8.090758518087752815e-01 -9.136413381342567419e-02 -2.986782592873682418e-02 -3.994477212704872215e-02 1.909241481912247185e-01 2.986782592873682418e-02 -1.007694619831189797e-02 3.994477212704872215e-02 7.309130705074040613e-02 2.238726762060494480e-03 9.136413381342567419e-02 -1.096369605761109423e-01 -3.654565352537053613e-02 3.654565352537053613e-02 2.805097875172135602e-03 -2.805097875172135602e-03 2.107150279216496447e-01 5.663711131116411224e-04
-9.136413381342611828e-02 6.427812656922704537e-01 1.282585292367910412e-02 -8.169122873989964617e-02 9.136413381342611828e-02 -1.282585292367910412e-02 -9.451708166357875029e-02 8.169122873989964617e-02 -1.142250125538166738e-01 2.188333111839102507e-02 3.572187343077295463e-01 1.713375188307246777e-01 5.711250627690800385e-02 -5.711250627690800385e-02 1.745939297503618093e-02 -1.745939297503618093e-02 -1.597880077383173614e-02 -4.423938143354844144e-03
-2.986782592873704623e-02 1.282585292367910412e-02 9.067164478630864721e-01 -3.519884977608245258e-02 2.986782592873704623e-02 9.328355213691352787e-02 5.808470236083107530e-02 3.519884977608245258e-02 -1.026068233894328330e-02 3.312156107933361682e-02 -1.282585292367910412e-02 1.539102350841492495e-02 5.130341169471641649e-03 -5.130341169471641649e-03 2.357263330458381212e-02 -2.357263330458381212e-02 1.812360804264816494e-01 -9.548927774749804698e-03
-3.994477212704894420e-02 -8.169122873990009026e-02 -3.519884977608245258e-02 8.250252191231863819e-01 3.994477212704894420e-02 3.519884977608245258e-02 -1.397759311007311656e-01 1.749747808768136181e-01 6.535298299191993898e-02 7.902616277773333309e-02 8.169122873990009026e-02 -9.802947448788001950e-02 -3.267649149596008051e-02 3.267649149596008051e-02 5.917819997449136338e-02 -5.917819997449136338e-02 -6.463230919759976878e-02 -1.984796280324196971e-02
1.909241481912247185e-01 9.136413381342567419e-02 2.986782592873682418e-02 3.994477212704872215e-02 8.090758518087752815e-01 -2.986782592873682418e-02 1.007694619831189797e-02 -3.994477212704872215e-02 -7.309130705074040613e-02 -2.238726762060494480e-03 -9.136413381342567419e-02 1.096369605761109423e-01 3.654565352537053613e-02 -3.654565352537053613e-02 -2.805097875172135602e-03 2.805097875172135602e-03 -2.107150279216496447e-01 -5.663711131116411224e-04
2.986782592873704623e-02 -1.282585292367910412e-02 9.328355213691352787e-02 3.519884977608245258e-02 -2.986782592873704623e-02 9.067164478630864721e-01 -5.808470236083107530e-02 -3.519884977608245258e-02 1.026068233894328330e-02 -3.312156107933361682e-02 1.282585292367910412e-02 -1.539102350841492495e-02 -5.130341169471641649e-03 5.130341169471641649e-03 -2.357263330458381212e-02 2.357263330458381212e-02 -1.812360804264816494e-01 9.548927774749804698e-03
-1.007694619831189797e-02 -9.451708166357919438e-02 5.808470236083107530e-02 -1.397759311007311656e-01 1.007694619831189797e-02 -5.808470236083107530e-02 8.021393665384377591e-01 1.397759311007311656e-01 7.561366533086322228e-02 4.590460169839971627e-02 9.451708166357919438e-02 -1.134204979962949444e-01 -3.780683266543172216e-02 3.780683266543172216e-02 3.560556666990755126e-02 -3.560556666990755126e-02 -2.458683896240814182e-01 -1.029903502849216501e-02
3.994477212704894420e-02 8.169122873990009026e-02 3.519884977608245258e-02 1.749747808768136181e-01 -3.994477212704894420e-02 -3.519884977608245258e-02 1.397759311007311656e-01 8.250252191231863819e-01 -6.535298299191993898e-02 -7.902616277773333309e-02 -8.169122873990009026e-02 9.802947448788001950e-02 3.267649149596008051e-02 -3.267649149596008051e-02 -5.917819997449136338e-02 5.917819997449136338e-02 6.463230919759976878e-02 1.984796280324196971e-02
7.309130705074040613e-02 -1.142250125538164518e-01 -1.026068233894350534e-02 6.535298299192016103e-02 -7.309130705074040613e-02 1.026068233894350534e-02 7.561366533086366637e-02 -6.535298299192016103e-02 4.913800100430532058e-01 -1.750666489471286447e-02 1.142250125538164518e-01 2.629299849354205243e-01 -2.456900050215262699e-01 2.456900050215262699e-01 -1.396751438002907797e-02 1.396751438002907797e-02 1.278304061906676559e-02 3.539150514683786497e-03
2.238726762060494480e-03 2.188333111839102507e-02 3.312156107933383886e-02 7.902616277773422127e-02 -2.238726762060494480e-03 -3.312156107933383886e-02 4.590460169840038240e-02 -7.902616277773422127e-02 -1.750666489471308651e-02 6.375269472240232549e-01 -2.188333111839102507e-02 2.625999734206985181e-02 8.753332447356765300e-03 -8.753332447356765300e-03 9.969023513766606115e-03 -9.969023513766606115e-03 1.054431385700604906e-02 3.724420762897433512e-01
9.136413381342611828e-02 3.572187343077295463e-01 -1.282585292367910412e-02 8.169122873989964617e-02 -9.136413381342611828e-02 1.282585292367910412e-02 9.451708166357875029e-02 -8.169122873989964617e-02 1.142250125538166738e-01 -2.188333111839102507e-02 6.427812656922704537e-01 -1.713375188307246777e-01 -5.711250627690800385e-02 5.711250627690800385e-02 -1.745939297503618093e-02 1.745939297503618093e-02 1.597880077383173614e-02 4.423938143354844144e-03
-1.096369605761104982e-01 1.713375188307246777e-01 1.539102350841514699e-02 -9.802947448788024154e-02 1.096369605761104982e-01 -1.539102350841514699e-02 -1.134204979962953885e-01 9.802947448788024154e-02 2.629299849354203023e-01 2.625999734206918568e-02 -1.713375188307246777e-01 6.056050225968694356e-01 -1.314649924677102621e-01 1.314649924677102621e-01 2.095127157004350593e-02 -2.095127157004350593e-02 -1.917456092860003736e-02 -5.308725772025679746e-03
-3.654565352537009204e-02 5.711250627690822590e-02 5.130341169471641649e-03 -3.267649149596008051e-02 3.654565352537009204e-02 -5.130341169471641649e-03 -3.780683266543172216e-02 3.267649149596008051e-02 -2.456900050215264919e-01 8.753332447356321211e-03 -5.711250627690822590e-02 -1.314649924677100401e-01 6.228450025107634680e-01 3.771549974892365320e-01 6.983757190014427962e-03 -6.983757190014427962e-03 -6.391520309533271771e-03 -1.769575257341893249e-03
3.654565352537009204e-02 -5.711250627690822590e-02 -5.130341169471641649e-03 3.267649149596008051e-02 -3.654565352537009204e-02 5.130341169471641649e-03 3.780683266543172216e-02 -3.267649149596008051e-02 2.456900050215264919e-01 -8.753332447356321211e-03 5.711250627690822590e-02 1.314649924677100401e-01 3.771549974892365320e-01 6.228450025107634680e-01 -6.983757190014427962e-03 6.983757190014427962e-03 6.391520309533271771e-03 1.769575257341893249e-03
2.805097875171913557e-03 1.745939297503595888e-02 2.357263330458381212e-02 5.917819997449114133e-02 -2.805097875171913557e-03 -2.357263330458381212e-02 3.560556666990732921e-02 -5.917819997449114133e-02 -1.396751438002885592e-02 9.969023513766162026e-03 -1.745939297503595888e-02 2.095127157004328389e-02 6.983757190014427962e-03 -6.983757190014427962e-03 8.112958481875680583e-01 1.887041518124319417e-01 9.227835490151603537e-03 -1.986731753261981037e-01
-2.805097875171913557e-03 -1.745939297503595888e-02 -2.357263330458381212e-02 -5.917819997449114133e-02 2.805097875171913557e-03 2.357263330458381212e-02 -3.560556666990732921e-02 5.917819997449114133e-02 1.396751438002885592e-02 -9.969023513766162026e-03 1.745939297503595888e-02 -2.095127157004328389e-02 -6.983757190014427962e-03 6.983757190014427962e-03 1.887041518124319417e-01 8.112958481875680583e-01 -9.227835490151603537e-03 1.986731753261981037e-01
2.107150279216498667e-01 -1.597880077383262432e-02 1.812360804264814274e-01 -6.463230919759976878e-02 -2.107150279216498667e-01 -1.812360804264814274e-01 -2.458683896240811961e-01 6.463230919759976878e-02 1.278304061906587741e-02 1.054431385700560497e-02 1.597880077383262432e-02 -1.917456092859870509e-02 -6.391520309532827682e-03 6.391520309532827682e-03 9.227835490151159448e-03 -9.227835490151159448e-03 3.621805020277875098e-01 -1.316478366854445525e-03
5.663711131114190778e-04 -4.423938143355066188e-03 -9.548927774750026742e-03 -1.984796280324307993e-02 -5.663711131114190778e-04 9.548927774750026742e-03 -1.029903502849305319e-02 1.984796280324307993e-02 3.539150514684230586e-03 3.724420762897431292e-01 4.423938143355066188e-03 -5.308725772026567924e-03 -1.769575257342337338e-03 1.769575257342337338e-03 -1.986731753261987699e-01 1.986731753261987699e-01 -1.316478366854445525e-03 4.288847483840581010e-01
