2.113451775104399077e-01 1.387778780781445676e-16 2.220446049250313081e-16 -1.387778780781445676e-16 -7.771561172376095783e-16 -2.220446049250313081e-16 1.387778780781445676e-16 0.000000000000000000e+00 0.000000000000000000e+00 7.771561172376095783e-16 6.383782391594650107e-16 1.665334536937734811e-16 -4.163336342344337027e-16 -8.326672684688674053e-16 -6.383782391594650107e-16 1.998401444325281773e-15 -1.665334536937734811e-16 -4.163336342344337027e-16
0.000000000000000000e+00 7.755279515293356241e-01 6.341572620817670369e-02 -4.745922350966269576e-03 -6.758546629289141627e-02 -6.341572620817670369e-02 4.745922350966269576e-03 -2.076753542941167652e-02 2.076753542941167652e-02 6.758546629289141627e-02 1.118917419524034784e-02 -1.969366012203277450e-02 1.969366012203255245e-02 2.155563860349833938e-01 9.578361234171328675e-03 3.938732024406643717e-02 1.969366012203277450e-02 1.969366012203255245e-02
0.000000000000000000e+00 6.341572620817648165e-02 9.067164478630864721e-01 -3.519884977608245258e-02 3.999382789275185424e-02 9.328355213691352787e-02 3.519884977608245258e-02 2.357263330458381212e-02 -2.357263330458381212e-02 -3.999382789275185424e-02 -1.849848328491687788e-02 1.462307779441673894e-02 -1.462307779441696098e-02 -1.519043002284206079e-01 -5.074150019666934242e-03 -2.924615558883503219e-02 -1.462307779441673894e-02 -1.462307779441696098e-02
-2.775557561562891351e-17 -4.745922350966491621e-03 -3.519884977608245258e-02 8.250252191231863819e-01 2.204209341466456529e-02 3.519884977608245258e-02 1.749747808768136181e-01 5.917819997449136338e-02 -5.917819997449136338e-02 -2.204209341466456529e-02 -5.881251153925348696e-02 2.021365123847962408e-02 -2.021365123848006817e-02 -1.833856148872650138e-01 -3.656884352378764191e-04 -4.042730247695835999e-02 -2.021365123847962408e-02 -2.021365123848006817e-02
-2.775557561562891351e-17 -6.758546629289141627e-02 3.999382789275141015e-02 2.204209341466523142e-02 7.365607270242862104e-01 -3.999382789275141015e-02 -2.204209341466523142e-02 -9.298475792763460923e-02 9.298475792763460923e-02 2.634392729757137896e-01 5.628301787502931752e-02 -7.993057271268555475e-02 7.993057271268555475e-02 -1.338178853754057318e-01 3.670174005260529171e-02 1.598611454253719977e-01 7.993057271268555475e-02 7.993057271268555475e-02
0.000000000000000000e+00 -6.341572620817648165e-02 9.328355213691352787e-02 3.519884977608245258e-02 -3.999382789275185424e-02 9.067164478630864721e-01 -3.519884977608245258e-02 -2.357263330458381212e-02 2.357263330458381212e-02 3.999382789275185424e-02 1.849848328491687788e-02 -1.462307779441673894e-02 1.462307779441696098e-02 1.519043002284206079e-01 5.074150019666934242e-03 2.924615558883503219e-02 1.462307779441673894e-02 1.462307779441696098e-02
2.775557561562891351e-17 4.745922350966491621e-03 3.519884977608245258e-02 1.749747808768136181e-01 -2.204209341466456529e-02 -3.519884977608245258e-02 8.250252191231863819e-01 -5.917819997449136338e-02 5.917819997449136338e-02 2.204209341466456529e-02 5.881251153925348696e-02 -2.021365123847962408e-02 2.021365123848006817e-02 1.833856148872650138e-01 3.656884352378764191e-04 4.042730247695835999e-02 2.021365123847962408e-02 2.021365123848006817e-02
2.775557561562891351e-17 -2.076753542941189856e-02 2.357263330458381212e-02 5.917819997449114133e-02 -9.298475792763460923e-02 -2.357263330458381212e-02 -5.917819997449114133e-02 8.112958481875680583e-01 1.887041518124319417e-01 9.298475792763460923e-02 -2.657217039654002910e-02 -1.660314688277364503e-02 1.660314688277364503e-02 1.053361078085224278e-02 2.152763222089719708e-01 3.320629376554729006e-02 1.660314688277364503e-02 1.660314688277364503e-02
-2.775557561562891351e-17 2.076753542941189856e-02 -2.357263330458381212e-02 -5.917819997449114133e-02 9.298475792763460923e-02 2.357263330458381212e-02 5.917819997449114133e-02 1.887041518124319417e-01 8.112958481875680583e-01 -9.298475792763460923e-02 2.657217039654002910e-02 1.660314688277364503e-02 -1.660314688277364503e-02 -1.053361078085224278e-02 -2.152763222089719708e-01 -3.320629376554729006e-02 -1.660314688277364503e-02 -1.660314688277364503e-02
2.775557561562891351e-17 6.758546629289141627e-02 -3.999382789275141015e-02 -2.204209341466523142e-02 2.634392729757137896e-01 3.999382789275141015e-02 2.204209341466523142e-02 9.298475792763460923e-02 -9.298475792763460923e-02 7.365607270242862104e-01 -5.628301787502931752e-02 7.993057271268555475e-02 -7.993057271268555475e-02 1.338178853754057318e-01 -3.670174005260529171e-02 -1.598611454253719977e-01 -7.993057271268555475e-02 -7.993057271268555475e-02
-2.775557561562891351e-17 1.118917419523968171e-02 -1.849848328491621174e-02 -5.881251153925348696e-02 5.628301787502909548e-02 1.849848328491621174e-02 5.881251153925348696e-02 -2.657217039653936297e-02 2.657217039653936297e-02 -5.628301787502909548e-02 7.210680242924158989e-01 8.380374839565374323e-02 -8.380374839565352119e-02 -3.221715114438028493e-02 3.055041461041234641e-01 -1.676074967913059321e-01 -8.380374839565374323e-02 -8.380374839565352119e-02
2.775557561562891351e-17 -1.969366012203277450e-02 1.462307779441696098e-02 2.021365123847962408e-02 -7.993057271268599884e-02 -1.462307779441696098e-02 -2.021365123847962408e-02 -1.660314688277386708e-02 1.660314688277386708e-02 7.993057271268599884e-02 8.380374839565352119e-02 5.840664197229157306e-01 -8.406641972291550857e-02 -2.540018355775663927e-02 -6.720060151287965411e-02 -1.681328394458292408e-01 4.159335802770842694e-01 -8.406641972291550857e-02
-2.775557561562891351e-17 1.969366012203277450e-02 -1.462307779441696098e-02 -2.021365123847962408e-02 7.993057271268577679e-02 1.462307779441696098e-02 2.021365123847962408e-02 1.660314688277364503e-02 -1.660314688277364503e-02 -7.993057271268577679e-02 -8.380374839565352119e-02 -8.406641972291528653e-02 5.840664197229155086e-01 2.540018355775641723e-02 6.720060151287987615e-02 1.681328394458299069e-01 8.406641972291528653e-02 -4.159335802770844914e-01
-1.665334536937734811e-16 2.155563860349831717e-01 -1.519043002284212740e-01 -1.833856148872650138e-01 -1.338178853754068420e-01 1.519043002284212740e-01 1.833856148872650138e-01 1.053361078085246483e-02 -1.053361078085246483e-02 1.338178853754068420e-01 -3.221715114438072902e-02 -2.540018355775619519e-02 2.540018355775575110e-02 3.153358134739236984e-01 2.168354036352826419e-02 5.080036711551416673e-02 2.540018355775619519e-02 2.540018355775575110e-02
0.000000000000000000e+00 9.578361234172216854e-03 -5.074150019667600375e-03 -3.656884352376543745e-04 3.670174005260551375e-02 5.074150019667600375e-03 3.656884352376543745e-04 2.152763222089713047e-01 -2.152763222089713047e-01 -3.670174005260551375e-02 3.055041461041241302e-01 -6.720060151288009820e-02 6.720060151287987615e-02 2.168354036352804215e-02 4.792195316869045651e-01 1.344012030257586421e-01 6.720060151288009820e-02 6.720060151287987615e-02
5.551115123125782702e-17 3.938732024406554899e-02 -2.924615558883347788e-02 -4.042730247695969226e-02 1.598611454253713315e-01 2.924615558883347788e-02 4.042730247695969226e-02 3.320629376554751211e-02 -3.320629376554751211e-02 -1.598611454253713315e-01 -1.676074967913065983e-01 -1.681328394458301290e-01 1.681328394458299069e-01 5.080036711551261241e-02 1.344012030257590862e-01 3.362656788916620343e-01 1.681328394458301290e-01 1.681328394458299069e-01
-2.775557561562891351e-17 1.969366012203277450e-02 -1.462307779441696098e-02 -2.021365123847962408e-02 7.993057271268599884e-02 1.462307779441696098e-02 2.021365123847962408e-02 1.660314688277386708e-02 -1.660314688277386708e-02 -7.993057271268599884e-02 -8.380374839565352119e-02 4.159335802770842694e-01 8.406641972291550857e-02 2.540018355775663927e-02 6.720060151287965411e-02 1.681328394458292408e-01 5.840664197229157306e-01 8.406641972291550857e-02
-2.775557561562891351e-17 1.969366012203277450e-02 -1.462307779441696098e-02 -2.021365123847962408e-02 7.993057271268577679e-02 1.462307779441696098e-02 2.021365123847962408e-02 1.660314688277364503e-02 -1.660314688277364503e-02 -7.993057271268577679e-02 -8.380374839565352119e-02 -8.406641972291528653e-02 -4.159335802770844914e-01 2.540018355775641723e-02 6.720060151287987615e-02 1.681328394458299069e-01 8.406641972291528653e-02 5.840664197229155086e-01
