6.048995871130274926e-01 7.020063698035083899e-02 6.939790026535419543e-02 -5.795166919778060866e-02 -2.799998112064062128e-01 1.853012386609171336e-01 -3.885780586188047891e-16 5.795166919778232950e-02 3.674690334770824851e-02 4.163336342344337027e-16 -3.885780586188047891e-16 -3.422590114287737961e-02 1.277523563516985705e-03 -1.510494983822344151e-03 1.137978600240785454e-15 2.329714203053584454e-04
7.020063698035086674e-02 6.271538745603872922e-01 -1.139064751600731284e-01 4.834771789048919466e-02 2.324448514789106690e-01 -2.106019109410529611e-01 -1.665334536937734811e-16 -4.834771789049063795e-02 2.650477735263123691e-02 -4.163336342344337027e-16 -2.775557561562891351e-16 -2.322734139347651383e-02 4.254379536841046416e-03 -5.049505556630570768e-03 -2.470246229790973302e-15 7.951260197895243520e-04
6.939790026535383460e-02 -1.139064751600729064e-01 5.332754175175200562e-01 -4.593210750987686275e-02 -2.488932537063484607e-02 -2.081937007960615871e-01 -2.775557561562891351e-16 2.125987741765415495e-01 2.048425199015341258e-02 -3.053113317719180486e-16 -5.551115123125782702e-17 -2.199711949880153727e-02 -5.953711946647954889e-03 7.078021145616300580e-03 -2.081668171172168513e-15 -1.124309198968345691e-03
-5.795166919778149683e-02 4.834771789048986079e-02 -4.593210750987597457e-02 4.734397757817231378e-01 6.755562050507302185e-02 1.738550075933443795e-01 -1.110223024625156540e-16 -3.067731091150565081e-01 6.536248101663899579e-02 -2.775557561562891351e-16 -2.775557561562891351e-16 -6.233741146371693520e-02 -1.060570628048651542e-03 1.273268097074453653e-03 -7.771561172376095783e-16 -2.126974690258021106e-04
-2.799998112064065459e-01 2.324448514789110853e-01 -2.488932537063426320e-02 6.755562050507391003e-02 4.525547709339019509e-01 -3.500056638078036242e-02 1.249999999999997780e-01 5.744437949492781081e-02 2.500141595195237709e-02 1.250000000000008882e-01 1.250000000000002220e-01 9.167914367923152286e-02 -6.809426663874823538e-03 8.070495524275564381e-03 -1.249999999999972244e-01 -1.261068860400740843e-03
1.853012386609168560e-01 -2.106019109410525170e-01 -2.081937007960615871e-01 1.738550075933437133e-01 -3.500056638078108406e-02 5.690962840172495429e-01 1.250000000000000000e-01 -4.885500759334515664e-02 1.475928995687536549e-02 1.250000000000001110e-01 1.250000000000003331e-01 1.026777034286323886e-01 -3.832570690550762826e-03 4.531484951467337763e-03 -1.250000000000007772e-01 -6.989142609165749365e-04
-5.551115123125782702e-17 -2.498001805406602216e-16 -8.326672684688674053e-17 -3.330669073875469621e-16 1.250000000000002220e-01 1.250000000000000278e-01 1.250000000000002220e-01 1.249999999999997780e-01 1.249999999999993894e-01 1.249999999999991673e-01 1.249999999999996114e-01 -6.106226635438360972e-16 5.551115123125782702e-17 -1.387778780781445676e-16 -1.250000000000013878e-01 8.326672684688674053e-17
5.795166919778151071e-02 -4.834771789048974977e-02 2.125987741765424377e-01 -3.067731091150562306e-01 5.744437949492676998e-02 -4.885500759334449050e-02 1.250000000000001665e-01 4.317731091150568412e-01 5.963751898336094870e-02 1.250000000000001110e-01 1.250000000000001110e-01 6.233741146371699071e-02 1.060570628048540520e-03 -1.273268097074509164e-03 -1.249999999999995559e-01 2.126974690259686440e-04
3.674690334770826239e-02 2.650477735263145895e-02 2.048425199015346809e-02 6.536248101663910681e-02 2.500141595195205790e-02 1.475928995687525447e-02 1.250000000000000000e-01 5.963751898336089319e-02 4.006017751078118083e-01 1.250000000000000000e-01 1.250000000000002220e-01 -2.566942585715803471e-01 9.581426726377129111e-03 -1.132871237866828196e-02 -1.249999999999997780e-01 1.747285652291152847e-03
1.387778780781445676e-17 2.775557561562891351e-17 2.775557561562891351e-17 0.000000000000000000e+00 1.250000000000000555e-01 1.250000000000000833e-01 1.249999999999999445e-01 1.250000000000000555e-01 1.250000000000001665e-01 1.250000000000002220e-01 1.250000000000000555e-01 8.326672684688674053e-17 -2.775557561562891351e-17 2.775557561562891351e-17 -1.249999999999994449e-01 0.000000000000000000e+00
-8.326672684688674053e-17 0.000000000000000000e+00 0.000000000000000000e+00 -1.110223024625156540e-16 1.249999999999999722e-01 1.250000000000000555e-01 1.250000000000000555e-01 1.249999999999999445e-01 1.250000000000000000e-01 1.249999999999999445e-01 1.249999999999995559e-01 8.326672684688674053e-17 -8.326672684688674053e-17 8.326672684688674053e-17 -1.250000000000003331e-01 0.000000000000000000e+00
-3.422590114287740737e-02 -2.322734139347658322e-02 -2.199711949880138462e-02 -6.233741146371682418e-02 9.167914367923138408e-02 1.026777034286322082e-01 0.000000000000000000e+00 6.233741146371676867e-02 -2.566942585715805136e-01 5.551115123125782702e-17 -5.551115123125782702e-17 4.491319195457924573e-01 -8.735619353919588104e-03 1.033585435766459781e-02 -1.110223024625156540e-16 -1.600235003745009710e-03
1.277523563516944072e-03 4.254379536840907639e-03 -5.953711946647566311e-03 -1.060570628048151942e-03 -6.809426663874837415e-03 -3.832570690550873849e-03 -1.387778780781445676e-16 1.060570628048540520e-03 9.581426726377156866e-03 -1.665334536937734811e-16 -1.665334536937734811e-16 -8.735619353918810948e-03 7.569321307301575263e-01 -1.087017597403446834e-01 -4.857225732735059864e-16 3.517696290101871570e-01
-1.510494983822444764e-03 -5.049505556630473624e-03 7.078021145616480991e-03 1.273268097074897742e-03 8.070495524275297233e-03 4.531484951467268374e-03 -1.110223024625156540e-16 -1.273268097074314875e-03 -1.132871237866811542e-02 -1.942890293094023946e-16 -1.387778780781445676e-16 1.033585435766531946e-02 -1.087017597403450164e-01 8.327119764249049094e-01 -3.053113317719180486e-16 2.759897833154401070e-01
-4.163336342344337027e-17 2.775557561562891351e-17 1.387778780781445676e-16 1.110223024625156540e-16 -1.250000000000000555e-01 -1.249999999999999722e-01 -1.250000000000001110e-01 -1.250000000000000000e-01 -1.250000000000000555e-01 -1.249999999999997780e-01 -1.249999999999995559e-01 5.551115123125782702e-17 5.551115123125782702e-17 1.110223024625156540e-16 1.250000000000004441e-01 -1.665334536937734811e-16
2.329714203055006927e-04 7.951260197895659854e-04 -1.124309198968914680e-03 -2.126974690267458001e-04 -1.261068860400459818e-03 -6.989142609163945252e-04 2.498001805406602216e-16 2.126974690257743550e-04 1.747285652290958557e-03 3.608224830031758756e-16 3.053113317719180486e-16 -1.600235003746508511e-03 3.517696290101876011e-01 2.759897833154398850e-01 7.945033519973776492e-16 3.722405876743725139e-01
