2.113451775104399077e-01 1.924376609742108890e-01 1.879003893770133660e-01 1.071593842891773729e-01 8.981221033870090409e-02 -1.071593842891773729e-01 2.659659870714947694e-02 -2.976613385385906696e-06 -1.057118844865423402e-03 2.087546724428823719e-02 -2.569320889140414010e-03 -1.467970662114753688e-02 4.464920078806056125e-05 4.167258740156443153e-05 -8.981221033870090409e-02 1.467970662114753688e-02 -2.113451775104575603e-01 2.569320889134862895e-03
1.924376609742128874e-01 4.491319195457924573e-01 9.580386197202861442e-02 3.700243073529774218e-02 3.318646579845840883e-02 -3.700243073529774218e-02 2.900982385745437542e-02 2.285564730239442177e-05 -8.478169854806688610e-02 9.618663141663652549e-02 -4.471675855482470929e-04 -1.051059769747209049e-02 -3.428347095388584176e-04 -3.199790622360476622e-04 -3.318646579845840883e-02 1.051059769747209049e-02 -1.924376609742098898e-01 4.471675855493018048e-04
1.879003893770168077e-01 9.580386197202805931e-02 4.857818950031725924e-01 3.044377007315279826e-02 1.216969419761637639e-02 -3.044377007315279826e-02 2.693146532408108307e-02 1.142914725082988525e-05 9.783810290800337706e-02 -2.733502252042955272e-01 2.453128042186059066e-02 1.264495614525708578e-01 -1.714372087675553047e-04 -1.600080615162813302e-04 -1.216969419761637639e-02 -1.264495614525708578e-01 -1.879003893770133660e-01 -2.453128042186064617e-02
1.071593842891824799e-01 3.700243073529796423e-02 3.044377007315257622e-02 7.484566158518634049e-01 -3.022158523867413127e-02 2.515433841481365951e-01 -1.225602227266332500e-01 -3.486592537732535746e-05 -1.013115155010141377e-02 6.868116252470740646e-02 -8.034451691322053168e-03 -4.248110759196355168e-02 5.229888806596583173e-04 4.881229552823329598e-04 3.022158523867413127e-02 4.248110759196355168e-02 -1.071593842891777060e-01 8.034451691320387834e-03
8.981221033870268045e-02 3.318646579845813127e-02 1.216969419761682047e-02 -3.022158523867368718e-02 8.052410045651956505e-01 3.022158523867368718e-02 1.342573613079867112e-02 6.534357595455730916e-06 -8.110151201055626480e-04 6.673149677437373306e-02 -1.091101936671201589e-02 -4.409844292083980877e-02 -9.801536393011511805e-05 -9.148100633454836483e-05 1.947589954348043495e-01 4.409844292083980877e-02 -8.981221033870040449e-02 1.091101936671634576e-02
-1.071593842891824799e-01 -3.700243073529796423e-02 -3.044377007315257622e-02 2.515433841481365951e-01 3.022158523867413127e-02 7.484566158518634049e-01 1.225602227266332500e-01 3.486592537732535746e-05 1.013115155010141377e-02 -6.868116252470740646e-02 8.034451691322053168e-03 4.248110759196355168e-02 -5.229888806596583173e-04 -4.881229552823329598e-04 -3.022158523867413127e-02 -4.248110759196355168e-02 1.071593842891777060e-01 -8.034451691320387834e-03
2.659659870714992103e-02 2.900982385745642933e-02 2.693146532407930671e-02 -1.225602227266309185e-01 1.342573613079955930e-02 1.225602227266309185e-01 2.608258166941678224e-01 1.309444288682959368e-05 1.807477070873531044e-03 -3.274809611216178418e-04 7.385655812541802590e-06 -1.494767421386600237e-03 -1.964166433050529292e-04 -1.833222004176682240e-04 -1.342573613079955930e-02 1.494767421386600237e-03 -2.659659870714570218e-02 -7.385655822145231753e-06
-2.976613385885507057e-06 2.285564730264422195e-05 1.142914725127397446e-05 -3.486592537726984631e-05 6.534357595455730916e-06 3.486592537726984631e-05 1.309444288705163828e-05 5.639803127085114554e-01 1.115322589362310879e-05 -1.440563585081156006e-05 1.247862368991548010e-10 3.252160385214253324e-06 -2.097046906276625045e-01 2.094228874751524749e-02 -6.534357595455730916e-06 -3.252160385214253324e-06 2.976613386218573964e-06 -1.247857372987937197e-10
-1.057118844864757268e-03 -8.478169854806721917e-02 9.783810290800398768e-02 -1.013115155010119173e-02 -8.110151201059512260e-04 1.013115155010119173e-02 1.807477070874530245e-03 1.115322589362310879e-05 4.430959800526858006e-01 1.145380673621915202e-01 2.134332891150592104e-01 1.549937435500425842e-02 -1.672983884032086532e-04 -1.561451625095300333e-04 8.110151201059512260e-04 -1.549937435500425842e-02 1.057118844864868290e-03 -2.134332891150592104e-01
2.087546724428890332e-02 9.618663141663591487e-02 -2.733502252042961933e-01 6.868116252470762850e-02 6.673149677437362204e-02 -6.868116252470762850e-02 -3.274809611175100166e-04 -1.440563585070053776e-05 1.145380673621920753e-01 4.990800009278428817e-01 2.048543084792587843e-01 -2.332668524854963898e-02 2.160845377641162912e-04 2.016789019133602423e-04 -6.673149677437362204e-02 2.332668524854963898e-02 -2.087546724429018008e-02 -2.048543084792558977e-01
-2.569320889137194364e-03 -4.471675855483581152e-04 2.453128042186059066e-02 -8.034451691322219702e-03 -1.091101936671523553e-02 8.034451691322219702e-03 7.385655813485492160e-06 1.247854597430375634e-10 2.134332891150565459e-01 2.048543084792561197e-01 2.319549097902546819e-01 1.178025828251696439e-01 -1.871791222018970302e-09 -1.747005762275932739e-09 1.091101936671523553e-02 -1.178025828251696439e-01 2.569320889137582942e-03 -2.319549097902630086e-01
-1.467970662114825853e-02 -1.051059769747192396e-02 1.264495614525709133e-01 -4.248110759196255248e-02 -4.409844292083942019e-02 4.248110759196255248e-02 -1.494767421384324280e-03 3.252160385491809080e-06 1.549937435500570171e-02 -2.332668524854875081e-02 1.178025828251698659e-01 7.722221452432065369e-01 -4.878240577776971065e-05 -4.553024539238892388e-05 4.409844292083942019e-02 2.277778547567934631e-01 1.467970662114875813e-02 -1.178025828251666463e-01
4.464920078850465046e-05 -3.428347095391359733e-04 -1.714372087676663270e-04 5.229888806589366723e-04 -9.801536393022614035e-05 -5.229888806589366723e-04 -1.964166433053859961e-04 -2.097046906276613942e-01 -1.672983884030421198e-04 2.160845377645048693e-04 -1.871791721619331383e-09 -4.878240577743664375e-05 3.955703594149484470e-01 1.858656687872846103e-01 9.801536393022614035e-05 4.878240577743664375e-05 -4.464920078958711791e-05 1.871792304486419312e-09
4.167258740284118801e-05 -3.199790622363252179e-04 -1.600080615163368414e-04 4.881229552821109152e-04 -9.148100633471489829e-05 -4.881229552821109152e-04 -1.833222004185564025e-04 2.094228874751413727e-02 -1.561451625096965667e-04 2.016789019134157535e-04 -1.747005817787083970e-09 -4.553024539244443503e-05 1.858656687872841662e-01 2.068079575347987475e-01 9.148100633471489829e-05 4.553024539244443503e-05 -4.167258740242485437e-05 1.747005456964600967e-09
-8.981221033870268045e-02 -3.318646579845813127e-02 -1.216969419761682047e-02 3.022158523867368718e-02 1.947589954348043495e-01 -3.022158523867368718e-02 -1.342573613079867112e-02 -6.534357595455730916e-06 8.110151201055626480e-04 -6.673149677437373306e-02 1.091101936671201589e-02 4.409844292083980877e-02 9.801536393011511805e-05 9.148100633454836483e-05 8.052410045651956505e-01 -4.409844292083980877e-02 8.981221033870040449e-02 -1.091101936671634576e-02
1.467970662114825853e-02 1.051059769747192396e-02 -1.264495614525709133e-01 4.248110759196255248e-02 4.409844292083942019e-02 -4.248110759196255248e-02 1.494767421384324280e-03 -3.252160385491809080e-06 -1.549937435500570171e-02 2.332668524854875081e-02 -1.178025828251698659e-01 2.277778547567934631e-01 4.878240577776971065e-05 4.553024539238892388e-05 -4.409844292083942019e-02 7.722221452432065369e-01 -1.467970662114875813e-02 1.178025828251666463e-01
-2.113451775104451258e-01 -1.924376609742123878e-01 -1.879003893770156974e-01 -1.071593842891820358e-01 -8.981221033870256942e-02 1.071593842891820358e-01 -2.659659870714992103e-02 2.976613385829995906e-06 1.057118844863980112e-03 -2.087546724428956946e-02 2.569320889137527431e-03 1.467970662114770342e-02 -4.464920078883771737e-05 -4.167258740289669916e-05 8.981221033870256942e-02 -1.467970662114770342e-02 2.113451775104422392e-01 -2.569320889140358499e-03
2.569320889138637654e-03 4.471675855484136264e-04 -2.453128042186070168e-02 8.034451691321609079e-03 1.091101936671301509e-02 -8.034451691321609079e-03 -7.385655813874070219e-06 -1.247860703657011072e-10 -2.134332891150598766e-01 -2.048543084792582292e-01 -2.319549097902573465e-01 -1.178025828251691998e-01 1.871791999175087540e-09 1.747005706764781507e-09 -1.091101936671301509e-02 1.178025828251691998e-01 -2.569320889139026232e-03 2.319549097902553481e-01
