6.048995871130274926e-01 7.020063698035083899e-02 -4.282545371816784407e-03 3.125260092971607340e-03 4.064275681657861239e-04 2.617669083102222571e-04 -3.125260092971607340e-03 9.856487674936367793e-04 7.921893277802738442e-05 -6.888602850273206624e-06 -6.544172707753648233e-05 -3.444301425223339486e-06 -2.829537738121556956e-04 -2.617669083102222571e-04 6.544172707753648233e-05 -9.856487674936367793e-04 -3.248997759066216684e-01 -4.890908023691686868e-04 9.897932093889602601e-04 3.444301424994355987e-06
7.020063698035086674e-02 6.271538745603872922e-01 -1.090685200649625652e-02 7.921776764197988041e-03 1.048329995807208148e-03 6.751955905199072405e-04 -7.921776764197988041e-03 2.510099626903038172e-03 2.043355076573050155e-04 -1.776830501361986725e-05 -1.687988976299958921e-04 -8.884152506771769708e-06 5.749442897681117381e-03 -6.751955905199072405e-04 1.687988976299958921e-04 -2.510099626903038172e-03 -3.026454884592618688e-01 -1.261549655971153094e-03 2.413602209957017852e-03 8.884152506924425374e-06
-4.282545371816763591e-03 -1.090685200649622183e-02 3.898226257688972574e-01 1.804298226636347202e-02 2.079519590828531328e-01 1.339351600872620285e-01 -1.804298226636347202e-02 -3.234609977298741335e-03 4.053300897377676293e-02 -3.524609475976436812e-03 -3.348379002181434139e-02 -1.762304737988662495e-03 1.371744246770334463e-04 -1.339351600872620285e-01 3.348379002181434139e-02 3.234609977298741335e-03 -1.518939737831298542e-02 -2.502472727946241093e-01 -7.458595528762945737e-02 1.762304737997322235e-03
3.125260092971759995e-03 7.921776764197890897e-03 1.804298226636125158e-02 6.954749497424362881e-01 1.006097738778614081e-01 6.479951537896178060e-02 3.045250502575637119e-01 -6.513546448002582867e-02 1.961037965415934892e-02 -1.705250404709479639e-03 -1.619987884474027862e-02 -8.526252023555169757e-04 -1.371324965397657802e-04 -6.479951537896178060e-02 1.619987884474027862e-02 6.513546448002582867e-02 1.104703685716965089e-02 -1.210727787343791606e-01 1.668473242824781155e-01 8.526252023541847080e-04
4.064275681657826544e-04 1.048329995807173454e-03 2.079519590828569076e-01 1.006097738778607420e-01 5.285408199721333133e-01 -5.788896340778015848e-02 -1.006097738778607420e-01 2.401091900584728656e-02 -2.740979757681427653e-01 6.731286745809628158e-02 1.394722408519437629e-01 3.365643372905080533e-02 -1.472476179875670255e-08 5.788896340778015848e-02 -1.394722408519437629e-01 -2.401091900584728656e-02 1.454757563972956108e-03 -2.207864104749291956e-01 -3.240131411128233108e-02 -3.365643372905191555e-02
2.617669083102049099e-04 6.751955905198864238e-04 1.339351600872622505e-01 6.479951537896178060e-02 -5.788896340778237892e-02 7.169528710254968740e-01 -6.479951537896178060e-02 1.546465969868004997e-02 1.709199478103466951e-01 -5.834086502698676568e-02 -5.423821775637405196e-02 -2.917043251349382693e-02 -9.483745622151928956e-09 2.830471289745031260e-01 5.423821775637405196e-02 -1.546465969868004997e-02 9.369624988300913337e-04 -1.422014169160614738e-01 -2.086864298693080766e-02 2.917043251349205057e-02
-3.125260092971759995e-03 -7.921776764197890897e-03 -1.804298226636125158e-02 3.045250502575637119e-01 -1.006097738778614081e-01 -6.479951537896178060e-02 6.954749497424362881e-01 6.513546448002582867e-02 -1.961037965415934892e-02 1.705250404709479639e-03 1.619987884474027862e-02 8.526252023555169757e-04 1.371324965397657802e-04 6.479951537896178060e-02 -1.619987884474027862e-02 -6.513546448002582867e-02 -1.104703685716965089e-02 1.210727787343791606e-01 -1.668473242824781155e-01 -8.526252023541847080e-04
9.856487674935951460e-04 2.510099626903149195e-03 -3.234609977297409067e-03 -6.513546448002538458e-02 2.401091900584528815e-02 1.546465969868016099e-02 6.513546448002538458e-02 8.138804731427903283e-01 4.680094382495059158e-03 -4.069647289124400658e-04 -3.866164924670068004e-03 -2.034823644564420775e-04 -3.173419744292860223e-05 -1.546465969868016099e-02 3.866164924670068004e-03 1.861195268572096717e-01 3.495748394396744341e-03 -2.889449575279734450e-02 -1.912945304429436999e-01 2.034823644561090106e-04
7.921893277803779276e-05 2.043355076573327711e-04 4.053300897377831724e-02 1.961037965415901585e-02 -2.740979757681394346e-01 1.709199478103482495e-01 -1.961037965415901585e-02 4.680094382496724492e-03 5.122520894689237547e-01 1.402389487418307379e-01 -4.272998695258856117e-02 1.951194743709177004e-01 -2.870080006989184085e-09 -1.709199478103482495e-01 4.272998695258856117e-02 -4.680094382496724492e-03 2.835544404353705639e-04 -4.303463932985385210e-02 -6.315510377620514593e-03 -1.951194743709163681e-01
-6.888602850255859389e-06 -1.776830501370313398e-05 -3.524609475981543838e-03 -1.705250404709701684e-03 6.731286745809672567e-02 -5.834086502698632160e-02 1.705250404709701684e-03 -4.069647289123290435e-04 1.402389487418318481e-01 4.225879175007101196e-01 1.458521625674880084e-02 2.112939587503548378e-01 2.495719741979485207e-10 5.834086502698632160e-02 -1.458521625674880084e-02 4.069647289123290435e-04 -2.465690786395899337e-05 3.742142550419158553e-03 5.491748154461961740e-04 -2.112939587503543937e-01
-6.544172707753995177e-05 -1.687988976299542587e-04 -3.348379002181633979e-02 -1.619987884473994555e-02 1.394722408519448731e-01 -5.423821775637471809e-02 1.619987884473994555e-02 -3.866164924670512093e-03 -4.272998695258678481e-02 1.458521625674769062e-02 7.635595544390936240e-01 1.322926081283730682e-01 2.370936169615589506e-09 5.423821775637471809e-02 2.364404455609063760e-01 3.866164924670512093e-03 -2.342406247074942105e-04 3.555035422901386966e-02 5.217160746731008825e-03 -1.322926081283724020e-01
-3.444301425115786630e-06 -8.884152506806464178e-06 -1.762304737991104986e-03 -8.526252023546287973e-04 3.365643372904947306e-02 -2.917043251349404898e-02 8.526252023546287973e-04 -2.034823644567751444e-04 1.951194743709161461e-01 2.112939587503559480e-01 1.322926081283726241e-01 2.306469793751770858e-01 1.247858483210961822e-10 2.917043251349404898e-02 -1.322926081283726241e-01 2.034823644567751444e-04 -1.232845393192225081e-05 1.871071275209690299e-03 2.745874077214049969e-04 -2.306469793751781960e-01
-2.829537738119995705e-04 5.749442897681561471e-03 1.371744246765338460e-04 -1.371324965392384243e-04 -1.472476246489051732e-08 -9.483746399308046193e-09 1.371324965392384243e-04 -3.173419744517680385e-05 -2.870081061701057479e-09 2.495730844209731458e-10 2.370935003881413650e-09 1.247861813880035697e-10 2.319549097902546819e-01 9.483746399308046193e-09 -2.370935003881413650e-09 3.173419744517680385e-05 5.466489123869561900e-03 1.771962843122310005e-08 -1.370551291466071131e-04 -1.247867920106671136e-10
-2.617669083102049099e-04 -6.751955905198864238e-04 -1.339351600872622505e-01 -6.479951537896178060e-02 5.788896340778237892e-02 2.830471289745031260e-01 6.479951537896178060e-02 -1.546465969868004997e-02 -1.709199478103466951e-01 5.834086502698676568e-02 5.423821775637405196e-02 2.917043251349382693e-02 9.483745622151928956e-09 7.169528710254968740e-01 -5.423821775637405196e-02 1.546465969868004997e-02 -9.369624988300913337e-04 1.422014169160614738e-01 2.086864298693080766e-02 -2.917043251349205057e-02
6.544172707753995177e-05 1.687988976299542587e-04 3.348379002181633979e-02 1.619987884473994555e-02 -1.394722408519448731e-01 5.423821775637471809e-02 -1.619987884473994555e-02 3.866164924670512093e-03 4.272998695258678481e-02 -1.458521625674769062e-02 2.364404455609063760e-01 -1.322926081283730682e-01 -2.370936169615589506e-09 -5.423821775637471809e-02 7.635595544390936240e-01 -3.866164924670512093e-03 2.342406247074942105e-04 -3.555035422901386966e-02 -5.217160746731008825e-03 1.322926081283724020e-01
-9.856487674935951460e-04 -2.510099626903149195e-03 3.234609977297409067e-03 6.513546448002538458e-02 -2.401091900584528815e-02 -1.546465969868016099e-02 -6.513546448002538458e-02 1.861195268572096717e-01 -4.680094382495059158e-03 4.069647289124400658e-04 3.866164924670068004e-03 2.034823644564420775e-04 3.173419744292860223e-05 1.546465969868016099e-02 -3.866164924670068004e-03 8.138804731427903283e-01 -3.495748394396744341e-03 2.889449575279734450e-02 1.912945304429436999e-01 -2.034823644561090106e-04
-3.248997759066216684e-01 -3.026454884592619243e-01 -1.518939737831304093e-02 1.104703685716959538e-02 1.454757563972994272e-03 9.369624988301294977e-04 -1.104703685716959538e-02 3.495748394396674952e-03 2.835544404353324000e-04 -2.465690786389307387e-05 -2.342406247075323744e-04 -1.232845393199510919e-05 5.466489123868961686e-03 -9.369624988301294977e-04 2.342406247075323744e-04 -3.495748394396674952e-03 3.724547356341163518e-01 -1.750640458340321781e-03 3.403395419345978112e-03 1.232845393193959804e-05
-4.890908023690160311e-04 -1.261549655971277994e-03 -2.502472727946221109e-01 -1.210727787343778283e-01 -2.207864104749341916e-01 -1.422014169160594754e-01 1.210727787343778283e-01 -2.889449575279701143e-02 -4.303463932985951423e-02 3.742142550423377401e-03 3.555035422901520192e-02 1.871071275212798923e-03 1.771962987451303206e-08 1.422014169160594754e-01 -3.555035422901520192e-02 2.889449575279701143e-02 -1.750640458340294026e-03 2.656921210800063937e-01 3.899141189663590801e-02 -1.871071275208135987e-03
9.897932093887451543e-04 2.413602209957219080e-03 -7.458595528762523852e-02 1.668473242824791702e-01 -3.240131411128721606e-02 -2.086864298693080766e-02 -1.668473242824791702e-01 -1.912945304429433113e-01 -6.315510377623900773e-03 5.491748154455855513e-04 5.217160746732507626e-03 2.745874077226817533e-04 -1.370551291433597108e-04 2.086864298693080766e-02 -5.217160746732507626e-03 1.912945304429433113e-01 3.403395419345964235e-03 3.899141189663590801e-02 3.370915170705992558e-01 -2.745874077231258426e-04
3.444301425126194971e-06 8.884152506861975329e-06 1.762304737988884540e-03 8.526252023544067526e-04 -3.365643372904836284e-02 2.917043251349249466e-02 -8.526252023544067526e-04 2.034823644572192336e-04 -1.951194743709141477e-01 -2.112939587503546157e-01 -1.322926081283732902e-01 -2.306469793751770858e-01 -1.247859038322474134e-10 -2.917043251349249466e-02 1.322926081283732902e-01 -2.034823644572192336e-04 1.232845393198817030e-05 -1.871071275212576879e-03 -2.745874077214605080e-04 2.306469793751808606e-01
