7.484566158518634049e-01 2.515433841481365951e-01 -1.225602227266332500e-01 -7.321263680911693772e-02 6.678969811424340097e-02 -6.678969811424340097e-02 1.752580998959896164e-02 1.052845060137352906e-02 -2.506236964532126965e-02 2.506236964532126965e-02 -7.702901770800807402e-02 -1.052845060137352906e-02 2.010184564755429504e-02 -2.010184564755429504e-02 1.225602227266298083e-01 3.829358018473716374e-02 7.536559655722308015e-03 9.573395046180765977e-03
2.515433841481365951e-01 7.484566158518634049e-01 1.225602227266332500e-01 7.321263680911693772e-02 -6.678969811424340097e-02 6.678969811424340097e-02 -1.752580998959896164e-02 -1.052845060137352906e-02 2.506236964532126965e-02 -2.506236964532126965e-02 7.702901770800807402e-02 1.052845060137352906e-02 -2.010184564755429504e-02 2.010184564755429504e-02 -1.225602227266298083e-01 -3.829358018473716374e-02 -7.536559655722308015e-03 -9.573395046180765977e-03
-1.225602227266309185e-01 1.225602227266309185e-01 2.608258166941678224e-01 2.421498446104820568e-01 1.136382992745434972e-01 -1.136382992745434972e-01 2.401737789054936290e-02 2.040182505236842747e-02 -5.764321097949220984e-03 5.764321097949220984e-03 -2.788513356912225571e-02 -2.040182505236842747e-02 1.006833436173859564e-02 -1.006833436173859564e-02 -2.608258166941757050e-01 -4.133396276250345114e-02 -1.825305679260014191e-02 -1.033349069062983183e-02
-7.321263680911682670e-02 7.321263680911682670e-02 2.421498446104850544e-01 3.784940737864580518e-01 6.399360018345867651e-02 -6.399360018345867651e-02 1.581297329365238813e-02 2.196717985818441576e-04 1.003545458300059146e-03 -1.003545458300059146e-03 -5.156867877056825478e-03 -2.196717985818441576e-04 -1.048135000496008828e-02 1.048135000496008828e-02 -2.421498446104813906e-01 -4.280408721416761875e-02 -1.681651875195244727e-02 -1.070102180354193244e-02
6.678969811424473324e-02 -6.678969811424473324e-02 1.136382992745462728e-01 6.399360018345812140e-02 7.755194993816947324e-01 2.244805006183052676e-01 -4.632191908515048695e-02 -3.049487130194328266e-02 -1.453727290772099945e-02 1.453727290772099945e-02 -1.610188269270695915e-02 3.049487130194328266e-02 1.044652692903680347e-02 -1.044652692903680347e-02 -1.136382992745456066e-01 1.637655929239184571e-01 6.085919199287148640e-02 4.094139823098008613e-02
-6.678969811424473324e-02 6.678969811424473324e-02 -1.136382992745462728e-01 -6.399360018345812140e-02 2.244805006183052676e-01 7.755194993816947324e-01 4.632191908515048695e-02 3.049487130194328266e-02 1.453727290772099945e-02 -1.453727290772099945e-02 1.610188269270695915e-02 -3.049487130194328266e-02 -1.044652692903680347e-02 1.044652692903680347e-02 1.136382992745456066e-01 -1.637655929239184571e-01 -6.085919199287148640e-02 -4.094139823098008613e-02
1.752580998959862857e-02 -1.752580998959862857e-02 2.401737789054692040e-02 1.581297329365249915e-02 -4.632191908515181922e-02 4.632191908515181922e-02 7.580220782878919206e-01 4.921059924547288578e-02 -5.105293420589518405e-02 5.105293420589518405e-02 3.164057397946185013e-02 -4.921059924547288578e-02 4.689104905237440057e-03 -4.689104905237440057e-03 -2.401737789055102823e-02 -1.780859773609452246e-01 2.930308559180032635e-01 -4.452149434023544572e-02
1.052845060137119759e-02 -1.052845060137119759e-02 2.040182505236676214e-02 2.196717985822882468e-04 -3.049487130194228346e-02 3.049487130194228346e-02 4.921059924547288578e-02 7.690650532862829403e-01 3.711083963511385697e-03 -3.711083963511385697e-03 -1.527088694714207051e-02 2.309349467137170597e-01 -1.492459401850709799e-02 1.492459401850709799e-02 -2.040182505236443067e-02 -1.359585892191598200e-01 -5.292168320898427147e-02 2.160103526952099617e-01
-2.506236964532249090e-02 2.506236964532249090e-02 -5.764321097951330408e-03 1.003545458300836302e-03 -1.453727290772155456e-02 1.453727290772155456e-02 -5.105293420589518405e-02 3.711083963511607742e-03 8.323714392525789485e-01 1.676285607474210515e-01 -7.034090511549007108e-02 -3.711083963511607742e-03 1.309516590871873110e-02 -1.309516590871873110e-02 5.764321097950442230e-03 3.753632778082804933e-02 2.186814949533162356e-01 9.384081945207123354e-03
2.506236964532249090e-02 -2.506236964532249090e-02 5.764321097951330408e-03 -1.003545458300836302e-03 1.453727290772155456e-02 -1.453727290772155456e-02 5.105293420589518405e-02 -3.711083963511607742e-03 1.676285607474210515e-01 8.323714392525789485e-01 7.034090511549007108e-02 3.711083963511607742e-03 -1.309516590871873110e-02 1.309516590871873110e-02 -5.764321097950442230e-03 -3.753632778082804933e-02 -2.186814949533162356e-01 -9.384081945207123354e-03
-7.702901770800829606e-02 7.702901770800829606e-02 -2.788513356912181163e-02 -5.156867877056048322e-03 -1.610188269270751427e-02 1.610188269270751427e-02 3.164057397946296035e-02 -1.527088694714195949e-02 -7.034090511548984903e-02 7.034090511548984903e-02 8.368536434955062830e-01 1.527088694714195949e-02 3.363359461023818220e-02 -3.363359461023818220e-02 2.788513356912292185e-02 1.956179262295222321e-01 3.870033113602688868e-02 4.890448155738014169e-02
-1.052845060137119759e-02 1.052845060137119759e-02 -2.040182505236676214e-02 -2.196717985822882468e-04 3.049487130194228346e-02 -3.049487130194228346e-02 -4.921059924547288578e-02 2.309349467137170597e-01 -3.711083963511385697e-03 3.711083963511385697e-03 1.527088694714207051e-02 7.690650532862829403e-01 1.492459401850709799e-02 -1.492459401850709799e-02 2.040182505236443067e-02 1.359585892191598200e-01 5.292168320898427147e-02 -2.160103526952099617e-01
2.010184564755479464e-02 -2.010184564755479464e-02 1.006833436173915075e-02 -1.048135000495953317e-02 1.044652692903691449e-02 -1.044652692903691449e-02 4.689104905236329834e-03 -1.492459401850709799e-02 1.309516590871817598e-02 -1.309516590871817598e-02 3.363359461023784913e-02 1.492459401850709799e-02 7.214965033183572407e-01 2.785034966816427593e-01 -1.006833436173826257e-02 -5.431561065254553178e-02 -1.778427081395450582e-02 -2.635789026631356613e-01
-2.010184564755479464e-02 2.010184564755479464e-02 -1.006833436173915075e-02 1.048135000495953317e-02 -1.044652692903691449e-02 1.044652692903691449e-02 -4.689104905236329834e-03 1.492459401850709799e-02 -1.309516590871817598e-02 1.309516590871817598e-02 -3.363359461023784913e-02 -1.492459401850709799e-02 2.785034966816427593e-01 7.214965033183572407e-01 1.006833436173826257e-02 5.431561065254553178e-02 1.778427081395450582e-02 2.635789026631356613e-01
1.225602227266336941e-01 -1.225602227266336941e-01 -2.608258166941678224e-01 -2.421498446104850544e-01 -1.136382992745466058e-01 1.136382992745466058e-01 -2.401737789054780858e-02 -2.040182505236654009e-02 5.764321097950997341e-03 -5.764321097950997341e-03 2.788513356912203367e-02 2.040182505236654009e-02 -1.006833436173892871e-02 1.006833436173892871e-02 2.608258166941668232e-01 4.133396276251022350e-02 1.825305679259681124e-02 1.033349069062761139e-02
3.829358018473338898e-02 -3.829358018473338898e-02 -4.133396276251055657e-02 -4.280408721416739670e-02 1.637655929239186792e-01 -1.637655929239186792e-01 -1.780859773609476671e-01 -1.359585892191588208e-01 3.753632778082693910e-02 -3.753632778082693910e-02 1.956179262295203447e-01 1.359585892191588208e-01 -5.431561065254475462e-02 5.431561065254475462e-02 4.133396276250733692e-02 3.265719142664544883e-01 1.405496495801207280e-01 8.164297856661406616e-02
7.536559655723751305e-03 -7.536559655723751305e-03 -1.825305679259559000e-02 -1.681651875195333545e-02 6.085919199287337378e-02 -6.085919199287337378e-02 2.930308559180032635e-01 -5.292168320898449352e-02 2.186814949533162356e-01 -2.186814949533162356e-01 3.870033113602810992e-02 5.292168320898449352e-02 -1.778427081395617115e-02 1.778427081395617115e-02 1.825305679260069702e-02 1.405496495801172863e-01 4.882876491286805010e-01 3.513741239502832236e-02
9.573395046183597046e-03 -9.573395046183597046e-03 -1.033349069062761139e-02 -1.070102180354182142e-02 4.094139823097919795e-02 -4.094139823097919795e-02 -4.452149434023655594e-02 2.160103526952100728e-01 9.384081945206790287e-03 -9.384081945206790287e-03 4.890448155737991964e-02 -2.160103526952100728e-01 -2.635789026631356613e-01 2.635789026631356613e-01 1.033349069062616810e-02 8.164297856661439923e-02 3.513741239502976565e-02 5.204107446416542659e-01
