187 86 87 1 1 86 1
188 87 86 1 1 87 1
193 89 92 1 1 89 1
197 91 92 1 1 91 1
198 92 91 1 1 92 1
199 92 93 1 1 92 1
200 92 94 1 1 92 1
201 92 100 1 1 92 1
202 92 102 1 1 92 1
203 93 92 1 1 93 1
204 93 94 1 1 93 1
205 94 92 1 1 94 1
206 94 93 1 1 94 1
207 94 95 1 1 94 1
208 94 100 1 1 94 1
209 95 94 1 1 95 1
212 96 94 1 1 96 1
213 96 95 1 1 96 1
217 99 100 1 1 99 1
218 100 92 1 1 100 1
219 100 94 1 1 100 1
220 100 98 1 1 100 1
221 100 99 1 1 100 1
222 100 101 1 1 100 1
223 100 103 1 1 100 1
224 100 104 1 1 100 1
225 100 106 1 1 100 1
226 101 100 1 1 101 1
228 102 92 1 1 102 1
233 104 100 1 1 104 1
239 106 100 1 1 106 1
310 87 87 1 2 87 1
315 92 92 1 2 92 1
316 93 93 1 2 93 1
317 94 94 1 2 94 1
318 95 95 1 2 95 1
