67 40 42 1 1 40 1
68 42 40 1 1 42 1
69 42 41 1 1 42 1
76 45 49 1 1 45 1
78 46 47 1 1 46 1
79 46 48 1 1 46 1
80 48 49 1 1 48 1
81 49 42 1 1 49 1
82 49 45 1 1 49 1
83 49 50 1 1 49 1
84 49 51 1 1 49 1
85 49 54 1 1 49 1
86 49 66 1 1 49 1
87 49 69 1 1 49 1
88 50 49 1 1 50 1
89 50 57 1 1 50 1
90 51 49 1 1 51 1
97 54 49 1 1 54 1
108 57 50 1 1 57 1
122 62 66 1 1 62 1
131 65 66 1 1 65 1
133 66 49 1 1 66 1
134 66 62 1 1 66 1
135 66 65 1 1 66 1
136 66 67 1 1 66 1
138 67 66 1 1 67 1
140 68 69 1 1 68 1
143 69 47 1 1 69 1
144 69 49 1 1 69 1
145 69 68 1 1 69 1
146 69 70 1 1 69 1
147 69 75 1 1 69 1
148 69 77 1 1 69 1
149 70 69 1 1 70 1
160 75 69 1 1 75 1
165 77 69 1 1 77 1
273 42 42 1 2 42 1
277 47 47 1 2 47 1
278 48 48 1 2 48 1
279 49 49 1 2 49 1
280 50 50 1 2 50 1
290 66 66 1 2 66 1
293 69 69 1 2 69 1
