32 24 70 1 1 24 1
33 24 72 1 1 24 1
61 37 39 1 1 37 1
62 37 40 1 1 37 1
63 42 40 1 1 42 1
64 42 41 1 1 42 1
65 42 49 1 1 42 1
66 43 34 1 1 43 1
67 43 44 1 1 43 1
68 45 44 1 1 45 1
69 45 46 1 1 45 1
70 45 49 1 1 45 1
71 46 45 1 1 46 1
72 46 47 1 1 46 1
73 46 48 1 1 46 1
74 48 46 1 1 48 1
75 48 49 1 1 48 1
76 49 42 1 1 49 1
77 49 45 1 1 49 1
78 49 47 1 1 49 1
79 49 48 1 1 49 1
80 49 50 1 1 49 1
81 49 51 1 1 49 1
82 49 54 1 1 49 1
83 49 66 1 1 49 1
84 49 69 1 1 49 1
85 52 51 1 1 52 1
86 52 53 1 1 52 1
87 54 49 1 1 54 1
88 54 53 1 1 54 1
89 54 55 1 1 54 1
90 54 56 1 1 54 1
91 54 59 1 1 54 1
92 56 54 1 1 56 1
93 56 55 1 1 56 1
94 56 57 1 1 56 1
95 56 58 1 1 56 1
96 56 59 1 1 56 1
97 58 51 1 1 58 1
98 58 56 1 1 58 1
99 62 60 1 1 62 1
100 62 61 1 1 62 1
101 62 66 1 1 62 1
102 62 67 1 1 62 1
103 63 59 1 1 63 1
104 63 64 1 1 63 1
105 64 61 1 1 64 1
106 64 63 1 1 64 1
107 64 65 1 1 64 1
108 65 38 1 1 65 1
109 65 64 1 1 65 1
110 65 66 1 1 65 1
111 65 68 1 1 65 1
112 68 65 1 1 68 1
113 68 69 1 1 68 1
114 68 81 1 1 68 1
115 68 116 1 1 68 1
116 70 24 1 1 70 1
117 70 69 1 1 70 1
118 70 71 1 1 70 1
119 70 74 1 1 70 1
120 70 75 1 1 70 1
121 71 70 1 1 71 1
122 71 72 1 1 71 1
123 71 73 1 1 71 1
124 72 24 1 1 72 1
125 72 71 1 1 72 1
126 73 71 1 1 73 1
127 74 70 1 1 74 1
128 74 75 1 1 74 1
129 75 69 1 1 75 1
130 75 70 1 1 75 1
131 75 74 1 1 75 1
132 75 77 1 1 75 1
133 75 118 1 1 75 1
135 76 118 1 1 76 1
136 77 69 1 1 77 1
137 77 75 1 1 77 1
153 81 68 1 1 81 1
250 116 68 1 1 116 1
252 118 75 1 1 118 1
253 118 76 1 1 118 1
272 42 42 1 2 42 1
273 43 43 1 2 43 1
274 45 45 1 2 45 1
275 46 46 1 2 46 1
276 48 48 1 2 48 1
277 49 49 1 2 49 1
278 52 52 1 2 52 1
279 54 54 1 2 54 1
280 56 56 1 2 56 1
281 58 58 1 2 58 1
282 62 62 1 2 62 1
283 63 63 1 2 63 1
284 64 64 1 2 64 1
285 65 65 1 2 65 1
286 68 68 1 2 68 1
287 70 70 1 2 70 1
288 71 71 1 2 71 1
289 72 72 1 2 72 1
290 73 73 1 2 73 1
291 75 75 1 2 75 1
331 116 116 1 2 116 1
333 118 118 1 2 118 1
