6.048995871130274926e-01 7.020063698035083899e-02 6.939790026535419543e-02 -2.775557561562891351e-16 -1.110223024625156540e-16 -1.144623106757183817e-02 -5.795166919778060866e-02 0.000000000000000000e+00 0.000000000000000000e+00 -2.799998112064062128e-01 1.853012386609171336e-01 -3.885780586188047891e-16 5.795166919778232950e-02 3.674690334770824851e-02 4.163336342344337027e-16 -3.885780586188047891e-16 2.521002204831229720e-03 -3.422590114287737961e-02 1.116327729376065392e-02 -3.248997759066216684e-01 1.360023205165816762e-15 0.000000000000000000e+00 1.137978600240785454e-15
7.020063698035086674e-02 6.271538745603872922e-01 -1.139064751600731284e-01 0.000000000000000000e+00 0.000000000000000000e+00 6.555875726958237948e-02 4.834771789048919466e-02 0.000000000000000000e+00 0.000000000000000000e+00 2.324448514789106690e-01 -2.106019109410529611e-01 -1.665334536937734811e-16 -4.834771789049063795e-02 2.650477735263123691e-02 -4.163336342344337027e-16 -2.775557561562891351e-16 3.277435959154750833e-03 -2.322734139347651383e-02 -5.980931437190228905e-02 -3.026454884592618688e-01 -1.498801083243961330e-15 0.000000000000000000e+00 -2.470246229790973302e-15
6.939790026535383460e-02 -1.139064751600729064e-01 5.332754175175200562e-01 1.666666666666669072e-01 1.666666666666669072e-01 1.265668999235580738e-02 -4.593210750987686275e-02 0.000000000000000000e+00 0.000000000000000000e+00 -2.488932537063484607e-02 -2.081937007960615871e-01 -2.775557561562891351e-16 2.125987741765415495e-01 2.048425199015341258e-02 -3.053113317719180486e-16 -5.551115123125782702e-17 -1.512867508648291226e-03 -2.199711949880153727e-02 1.419451833313241651e-01 -4.450857489471907180e-02 -1.666666666666671848e-01 0.000000000000000000e+00 -2.081668171172168513e-15
2.775557561562891351e-17 -5.551115123125782702e-17 1.666666666666665741e-01 1.666666666666664076e-01 1.666666666666666297e-01 1.666666666666664076e-01 1.666666666666676289e-01 0.000000000000000000e+00 0.000000000000000000e+00 3.053113317719180486e-16 2.220446049250313081e-16 3.330669073875469621e-16 1.276756478318930021e-15 4.996003610813204432e-16 3.885780586188047891e-16 3.330669073875469621e-16 2.775557561562891351e-16 4.440892098500626162e-16 -2.775557561562891351e-16 -2.775557561562891351e-17 -1.666666666666662966e-01 0.000000000000000000e+00 3.358424649491098535e-15
1.073360150760649390e-17 5.551115123125782702e-17 1.666666666666665741e-01 1.666666666666667407e-01 1.666666666666667407e-01 1.666666666666667407e-01 1.666666666666665186e-01 0.000000000000000000e+00 0.000000000000000000e+00 -1.002887009549091601e-16 -5.551115123125782702e-17 0.000000000000000000e+00 -1.110223024625156540e-16 -1.110223024625156540e-16 -5.551115123125782702e-17 -5.551115123125782702e-17 -8.326672684688674053e-17 -1.110223024625156540e-16 1.665334536937734811e-16 6.624475273886432092e-17 -1.666666666666667407e-01 0.000000000000000000e+00 -4.888667595737139493e-16
-1.144623106757239502e-02 6.555875726958301786e-02 1.265668999235611270e-02 1.666666666666668517e-01 1.666666666666666297e-01 4.148509782794913558e-01 7.249233172815267023e-02 0.000000000000000000e+00 0.000000000000000000e+00 -4.266629513443850885e-02 3.433869320271690229e-02 -8.326672684688674053e-17 9.417433493851345983e-02 -8.584673300679285246e-02 1.110223024625156540e-16 -1.110223024625156540e-16 -1.512202044274185697e-03 8.433453096251825043e-02 -2.296626909376273118e-01 5.411252620201062458e-02 -1.666666666666663521e-01 0.000000000000000000e+00 -1.082467449009527627e-15
-5.795166919778149683e-02 4.834771789048986079e-02 -4.593210750987597457e-02 1.666666666666666297e-01 1.666666666666667407e-01 7.249233172815305881e-02 4.734397757817231378e-01 0.000000000000000000e+00 0.000000000000000000e+00 6.755562050507302185e-02 1.738550075933443795e-01 -1.110223024625156540e-16 -3.067731091150565081e-01 6.536248101663899579e-02 -2.775557561562891351e-16 -2.775557561562891351e-16 3.025069552922227123e-03 -6.233741146371693520e-02 8.771750760630309118e-02 -9.603951307291636041e-03 -1.666666666666664076e-01 0.000000000000000000e+00 -7.771561172376095783e-16
1.214306433183764966e-17 1.387778780781445676e-16 -8.326672684688674053e-17 0.000000000000000000e+00 1.110223024625156540e-16 0.000000000000000000e+00 -1.110223024625156540e-16 3.333333333333332593e-01 3.333333333333330373e-01 -2.376571162088225719e-16 -1.110223024625156540e-16 -1.110223024625156540e-16 -1.387778780781445676e-16 -2.775557561562891351e-17 -2.775557561562891351e-17 -1.387778780781445676e-16 5.551115123125782702e-17 0.000000000000000000e+00 -4.440892098500626162e-16 1.509209424099822172e-16 -8.326672684688674053e-17 -3.333333333333337034e-01 -7.927686285214008421e-16
-3.469446951953614189e-18 -5.551115123125782702e-17 5.551115123125782702e-17 -1.110223024625156540e-16 1.110223024625156540e-16 -3.330669073875469621e-16 0.000000000000000000e+00 3.333333333333334814e-01 3.333333333333330373e-01 2.428612866367529932e-17 -2.775557561562891351e-17 0.000000000000000000e+00 -8.326672684688674053e-17 -8.326672684688674053e-17 -2.775557561562891351e-17 -8.326672684688674053e-17 5.551115123125782702e-17 1.665334536937734811e-16 -1.110223024625156540e-16 -5.898059818321144121e-17 -2.775557561562891351e-16 -3.333333333333334814e-01 -2.810252031082427493e-16
-2.799998112064065459e-01 2.324448514789110853e-01 -2.488932537063426320e-02 -1.665334536937734811e-16 0.000000000000000000e+00 -4.266629513443759292e-02 6.755562050507391003e-02 0.000000000000000000e+00 0.000000000000000000e+00 4.525547709339019509e-01 -3.500056638078036242e-02 1.249999999999997780e-01 5.744437949492781081e-02 2.500141595195237709e-02 1.250000000000008882e-01 1.250000000000002220e-01 -8.319440368816266584e-03 9.167914367923152286e-02 3.748275978438139755e-02 -4.755495972749546052e-02 1.831867990631508292e-15 0.000000000000000000e+00 -1.249999999999972244e-01
1.853012386609168560e-01 -2.106019109410525170e-01 -2.081937007960615871e-01 1.110223024625156540e-16 1.110223024625156540e-16 3.433869320271662473e-02 1.738550075933437133e-01 0.000000000000000000e+00 0.000000000000000000e+00 -3.500056638078108406e-02 5.690962840172495429e-01 1.250000000000000000e-01 -4.885500759334515664e-02 1.475928995687536549e-02 1.250000000000001110e-01 1.250000000000003331e-01 -7.563006614492745472e-03 1.026777034286323886e-01 -3.348983188128154542e-02 -2.530067228013566094e-02 -1.026956297778269800e-15 0.000000000000000000e+00 -1.250000000000007772e-01
-5.551115123125782702e-17 -2.498001805406602216e-16 -8.326672684688674053e-17 2.220446049250313081e-16 -1.665334536937734811e-16 -3.885780586188047891e-16 -3.330669073875469621e-16 0.000000000000000000e+00 0.000000000000000000e+00 1.250000000000002220e-01 1.250000000000000278e-01 1.250000000000002220e-01 1.249999999999997780e-01 1.249999999999993894e-01 1.249999999999991673e-01 1.249999999999996114e-01 1.110223024625156540e-16 -6.106226635438360972e-16 -1.665334536937734811e-16 -3.053113317719180486e-16 -7.494005416219806648e-16 0.000000000000000000e+00 -1.250000000000013878e-01
5.795166919778151071e-02 -4.834771789048974977e-02 2.125987741765424377e-01 -1.110223024625156540e-16 0.000000000000000000e+00 9.417433493851387616e-02 -3.067731091150562306e-01 0.000000000000000000e+00 0.000000000000000000e+00 5.744437949492676998e-02 -4.885500759334449050e-02 1.250000000000001665e-01 4.317731091150568412e-01 5.963751898336094870e-02 1.250000000000001110e-01 1.250000000000001110e-01 -3.025069552922227123e-03 6.233741146371699071e-02 -8.771750760630261934e-02 9.603951307291760942e-03 0.000000000000000000e+00 0.000000000000000000e+00 -1.249999999999995559e-01
3.674690334770826239e-02 2.650477735263145895e-02 2.048425199015346809e-02 0.000000000000000000e+00 5.551115123125782702e-17 -8.584673300679243613e-02 6.536248101663910681e-02 0.000000000000000000e+00 0.000000000000000000e+00 2.500141595195205790e-02 1.475928995687525447e-02 1.250000000000000000e-01 5.963751898336089319e-02 4.006017751078118083e-01 1.250000000000000000e-01 1.250000000000002220e-01 1.890751653623112816e-02 -2.566942585715803471e-01 8.372457970320298926e-02 6.325168070033972134e-02 1.942890293094023946e-16 0.000000000000000000e+00 -1.249999999999997780e-01
1.387778780781445676e-17 2.775557561562891351e-17 2.775557561562891351e-17 -5.551115123125782702e-17 -5.551115123125782702e-17 5.551115123125782702e-17 0.000000000000000000e+00 0.000000000000000000e+00 0.000000000000000000e+00 1.250000000000000555e-01 1.250000000000000833e-01 1.249999999999999445e-01 1.250000000000000555e-01 1.250000000000001665e-01 1.250000000000002220e-01 1.250000000000000555e-01 -5.551115123125782702e-17 8.326672684688674053e-17 2.775557561562891351e-17 4.163336342344337027e-17 -2.775557561562891351e-17 0.000000000000000000e+00 -1.249999999999994449e-01
-8.326672684688674053e-17 0.000000000000000000e+00 0.000000000000000000e+00 -5.551115123125782702e-17 0.000000000000000000e+00 -2.220446049250313081e-16 -1.110223024625156540e-16 0.000000000000000000e+00 0.000000000000000000e+00 1.249999999999999722e-01 1.250000000000000555e-01 1.250000000000000555e-01 1.249999999999999445e-01 1.250000000000000000e-01 1.249999999999999445e-01 1.249999999999995559e-01 1.665334536937734811e-16 8.326672684688674053e-17 -1.387778780781445676e-16 -8.326672684688674053e-17 -3.885780586188047891e-16 0.000000000000000000e+00 -1.250000000000003331e-01
2.521002204830841142e-03 3.277435959154570422e-03 -1.512867508649387571e-03 -1.498801083243961330e-15 -9.992007221626408864e-16 -1.512202044275767765e-03 3.025069552921838545e-03 0.000000000000000000e+00 0.000000000000000000e+00 -8.319440368816627407e-03 -7.563006614492898128e-03 -6.106226635438360972e-16 -3.025069552921672011e-03 1.890751653623190531e-02 -6.106226635438360972e-16 -2.775557561562891351e-17 2.113451775104399077e-01 1.924376609742108890e-01 -1.057118844865423402e-03 5.798438163985411564e-03 -5.814793091474257380e-15 0.000000000000000000e+00 -5.412337245047638135e-16
-3.422590114287740737e-02 -2.322734139347658322e-02 -2.199711949880138462e-02 2.220446049250313081e-16 1.665334536937734811e-16 8.433453096251863901e-02 -6.233741146371682418e-02 0.000000000000000000e+00 0.000000000000000000e+00 9.167914367923138408e-02 1.026777034286322082e-01 0.000000000000000000e+00 6.233741146371676867e-02 -2.566942585715805136e-01 5.551115123125782702e-17 -5.551115123125782702e-17 1.924376609742128874e-01 4.491319195457924573e-01 -8.478169854806688610e-02 -5.745324253635399059e-02 8.187894806610529486e-16 0.000000000000000000e+00 -1.110223024625156540e-16
1.116327729376032432e-02 -5.980931437190184496e-02 1.419451833313245537e-01 1.665334536937734811e-16 0.000000000000000000e+00 -2.296626909376269232e-01 8.771750760630286914e-02 0.000000000000000000e+00 0.000000000000000000e+00 3.748275978438075917e-02 -3.348983188128140664e-02 -4.996003610813204432e-16 -8.771750760630309118e-02 8.372457970320162923e-02 -4.440892098500626162e-16 -2.775557561562891351e-16 -1.057118844864757268e-03 -8.478169854806721917e-02 4.430959800526858006e-01 -4.864603707814152411e-02 7.216449660063517513e-16 0.000000000000000000e+00 -3.330669073875469621e-15
-3.248997759066216684e-01 -3.026454884592619243e-01 -4.450857489471893302e-02 -2.775557561562891351e-16 -1.110223024625156540e-16 5.411252620201054131e-02 -9.603951307291413997e-03 0.000000000000000000e+00 0.000000000000000000e+00 -4.755495972749557154e-02 -2.530067228013582747e-02 -5.551115123125782702e-16 9.603951307291691553e-03 6.325168070033948542e-02 0.000000000000000000e+00 -6.661338147750939243e-16 5.798438163985980554e-03 -5.745324253635389344e-02 -4.864603707814163513e-02 3.724547356341163518e-01 -1.665334536937734811e-16 0.000000000000000000e+00 -1.443289932012703503e-15
-1.387778780781445676e-17 -1.387778780781445676e-16 -1.666666666666666574e-01 -1.666666666666665186e-01 -1.666666666666659635e-01 -1.666666666666664076e-01 -1.666666666666669627e-01 0.000000000000000000e+00 0.000000000000000000e+00 -6.938893903907228378e-17 -1.942890293094023946e-16 0.000000000000000000e+00 -4.996003610813204432e-16 -5.551115123125782702e-17 -5.551115123125782702e-17 -1.665334536937734811e-16 0.000000000000000000e+00 1.942890293094023946e-16 -1.110223024625156540e-16 -1.526556658859590243e-16 1.666666666666675178e-01 0.000000000000000000e+00 -1.040834085586084257e-15
8.673617379884035472e-18 8.326672684688674053e-17 -2.775557561562891351e-17 -1.110223024625156540e-16 2.220446049250313081e-16 -3.330669073875469621e-16 -1.110223024625156540e-16 -3.333333333333332593e-01 -3.333333333333339255e-01 -2.133709875451472726e-16 -1.387778780781445676e-16 -1.110223024625156540e-16 -2.220446049250313081e-16 -1.110223024625156540e-16 -5.551115123125782702e-17 -2.220446049250313081e-16 1.110223024625156540e-16 1.665334536937734811e-16 -5.551115123125782702e-16 9.194034422677077600e-17 -3.608224830031758756e-16 3.333333333333328152e-01 -1.073793831629643591e-15
-4.163336342344337027e-17 2.775557561562891351e-17 1.387778780781445676e-16 1.110223024625156540e-16 -5.551115123125782702e-17 1.110223024625156540e-16 1.110223024625156540e-16 0.000000000000000000e+00 0.000000000000000000e+00 -1.250000000000000555e-01 -1.249999999999999722e-01 -1.250000000000001110e-01 -1.250000000000000000e-01 -1.250000000000000555e-01 -1.249999999999997780e-01 -1.249999999999995559e-01 1.665334536937734811e-16 5.551115123125782702e-17 5.551115123125782702e-17 -1.387778780781445676e-17 4.163336342344337027e-16 0.000000000000000000e+00 1.250000000000004441e-01
