75 45 46 1 1 45 1
76 45 49 1 1 45 1
77 46 45 1 1 46 1
78 46 47 1 1 46 1
79 46 48 1 1 46 1
80 48 49 1 1 48 1
81 49 42 1 1 49 1
82 49 45 1 1 49 1
83 49 50 1 1 49 1
84 49 51 1 1 49 1
85 49 54 1 1 49 1
86 49 66 1 1 49 1
87 49 69 1 1 49 1
88 50 49 1 1 50 1
89 50 57 1 1 50 1
90 51 49 1 1 51 1
91 51 52 1 1 51 1
92 51 58 1 1 51 1
93 52 51 1 1 52 1
94 52 53 1 1 52 1
95 53 52 1 1 53 1
96 53 54 1 1 53 1
97 54 49 1 1 54 1
98 54 53 1 1 54 1
99 54 56 1 1 54 1
100 54 59 1 1 54 1
101 55 56 1 1 55 1
102 55 59 1 1 55 1
103 56 54 1 1 56 1
104 56 55 1 1 56 1
105 56 57 1 1 56 1
106 56 58 1 1 56 1
107 56 59 1 1 56 1
108 57 50 1 1 57 1
109 57 56 1 1 57 1
110 58 51 1 1 58 1
111 58 56 1 1 58 1
112 59 54 1 1 59 1
113 59 55 1 1 59 1
114 59 60 1 1 59 1
115 59 61 1 1 59 1
116 59 63 1 1 59 1
117 60 59 1 1 60 1
118 60 62 1 1 60 1
119 61 62 1 1 61 1
120 61 64 1 1 61 1
121 62 61 1 1 62 1
122 62 66 1 1 62 1
123 62 67 1 1 62 1
124 63 59 1 1 63 1
125 63 64 1 1 63 1
126 64 61 1 1 64 1
127 64 63 1 1 64 1
128 64 65 1 1 64 1
129 65 38 1 1 65 1
130 65 64 1 1 65 1
131 65 66 1 1 65 1
132 65 68 1 1 65 1
133 66 49 1 1 66 1
134 66 62 1 1 66 1
135 66 65 1 1 66 1
136 66 67 1 1 66 1
137 67 62 1 1 67 1
138 67 66 1 1 67 1
139 68 65 1 1 68 1
144 69 49 1 1 69 1
276 46 46 1 2 46 1
278 48 48 1 2 48 1
279 49 49 1 2 49 1
280 50 50 1 2 50 1
281 52 52 1 2 52 1
282 53 53 1 2 53 1
283 57 57 1 2 57 1
284 59 59 1 2 59 1
285 60 60 1 2 60 1
286 61 61 1 2 61 1
287 62 62 1 2 62 1
288 63 63 1 2 63 1
289 65 65 1 2 65 1
290 66 66 1 2 66 1
291 67 67 1 2 67 1
