19 15 17 1 1 15 1
26 21 20 1 1 21 1
27 21 22 1 1 21 1
28 23 22 1 1 23 1
29 23 24 1 1 23 1
30 23 25 1 1 23 1
31 23 32 1 1 23 1
32 24 23 1 1 24 1
34 27 25 1 1 27 1
35 27 28 1 1 27 1
36 27 32 1 1 27 1
37 27 115 1 1 27 1
38 29 28 1 1 29 1
39 29 31 1 1 29 1
40 30 8 1 1 30 1
41 30 17 1 1 30 1
42 30 26 1 1 30 1
43 30 38 1 1 30 1
44 32 23 1 1 32 1
45 32 27 1 1 32 1
46 32 31 1 1 32 1
47 32 113 1 1 32 1
48 32 114 1 1 32 1
61 38 30 1 1 38 1
258 21 21 1 2 21 1
259 23 23 1 2 23 1
261 27 27 1 2 27 1
262 29 29 1 2 29 1
263 30 30 1 2 30 1
264 32 32 1 2 32 1
