223 100 103 1 1 100 1
224 100 104 1 1 100 1
225 100 106 1 1 100 1
230 103 104 1 1 103 1
231 103 105 1 1 103 1
232 103 110 1 1 103 1
233 104 100 1 1 104 1
234 104 103 1 1 104 1
235 104 105 1 1 104 1
236 105 103 1 1 105 1
237 105 107 1 1 105 1
238 105 108 1 1 105 1
239 106 100 1 1 106 1
240 106 105 1 1 106 1
241 106 107 1 1 106 1
242 107 106 1 1 107 1
243 108 109 1 1 108 1
244 109 108 1 1 109 1
245 110 103 1 1 110 1
246 110 109 1 1 110 1
247 110 111 1 1 110 1
248 112 110 1 1 112 1
325 103 103 1 2 103 1
326 104 104 1 2 104 1
327 108 108 1 2 108 1
328 109 109 1 2 109 1
329 110 110 1 2 110 1
330 111 111 1 2 111 1
331 112 112 1 2 112 1
