178 82 83 1 1 82 1
180 83 85 1 1 83 1
181 84 85 1 1 84 1
182 85 83 1 1 85 1
183 85 84 1 1 85 1
184 85 86 1 1 85 1
185 85 88 1 1 85 1
186 86 85 1 1 86 1
187 86 87 1 1 86 1
188 87 86 1 1 87 1
189 88 85 1 1 88 1
190 88 89 1 1 88 1
191 89 88 1 1 89 1
192 89 90 1 1 89 1
193 89 92 1 1 89 1
194 90 89 1 1 90 1
195 90 91 1 1 90 1
196 91 90 1 1 91 1
197 91 92 1 1 91 1
198 92 91 1 1 92 1
307 83 83 1 2 83 1
308 85 85 1 2 85 1
309 86 86 1 2 86 1
310 87 87 1 2 87 1
311 88 88 1 2 88 1
312 89 89 1 2 89 1
313 90 90 1 2 90 1
314 91 91 1 2 91 1
