17 15 13 1 1 15 1
18 15 14 1 1 15 1
19 15 17 1 1 15 1
20 15 19 1 1 15 1
21 15 33 1 1 15 1
22 19 15 1 1 19 1
23 19 18 1 1 19 1
24 19 20 1 1 19 1
25 19 34 1 1 19 1
26 21 20 1 1 21 1
43 30 38 1 1 30 1
49 33 15 1 1 33 1
50 34 19 1 1 34 1
51 34 36 1 1 34 1
52 34 43 1 1 34 1
53 35 36 1 1 35 1
54 36 35 1 1 36 1
55 37 33 1 1 37 1
56 37 34 1 1 37 1
57 37 35 1 1 37 1
58 37 38 1 1 37 1
59 37 39 1 1 37 1
60 37 40 1 1 37 1
61 38 30 1 1 38 1
62 38 37 1 1 38 1
63 39 37 1 1 39 1
64 39 40 1 1 39 1
65 40 39 1 1 40 1
66 40 41 1 1 40 1
67 40 42 1 1 40 1
68 42 40 1 1 42 1
69 42 41 1 1 42 1
70 43 34 1 1 43 1
71 43 44 1 1 43 1
72 44 43 1 1 44 1
73 44 45 1 1 44 1
74 45 44 1 1 45 1
75 45 46 1 1 45 1
76 45 49 1 1 45 1
77 46 45 1 1 46 1
81 49 42 1 1 49 1
82 49 45 1 1 49 1
129 65 38 1 1 65 1
256 15 15 1 2 15 1
257 19 19 1 2 19 1
265 33 33 1 2 33 1
266 34 34 1 2 34 1
267 35 35 1 2 35 1
268 36 36 1 2 36 1
269 37 37 1 2 37 1
270 38 38 1 2 38 1
271 39 39 1 2 39 1
272 41 41 1 2 41 1
273 42 42 1 2 42 1
274 43 43 1 2 43 1
275 45 45 1 2 45 1
