29 23 24 1 1 23 1
32 24 23 1 1 24 1
33 24 72 1 1 24 1
78 46 47 1 1 46 1
87 49 69 1 1 49 1
140 68 69 1 1 68 1
143 69 47 1 1 69 1
144 69 49 1 1 69 1
145 69 68 1 1 69 1
146 69 70 1 1 69 1
147 69 75 1 1 69 1
148 69 77 1 1 69 1
149 70 69 1 1 70 1
150 70 71 1 1 70 1
151 70 74 1 1 70 1
152 70 75 1 1 70 1
153 71 70 1 1 71 1
154 71 72 1 1 71 1
155 71 73 1 1 71 1
156 72 24 1 1 72 1
157 72 71 1 1 72 1
158 73 71 1 1 73 1
159 74 70 1 1 74 1
160 75 69 1 1 75 1
161 75 70 1 1 75 1
162 75 74 1 1 75 1
163 75 77 1 1 75 1
164 76 118 1 1 76 1
165 77 69 1 1 77 1
166 77 76 1 1 77 1
250 118 75 1 1 118 1
251 118 76 1 1 118 1
260 24 24 1 2 24 1
277 47 47 1 2 47 1
293 69 69 1 2 69 1
294 70 70 1 2 70 1
295 71 71 1 2 71 1
296 72 72 1 2 72 1
297 73 73 1 2 73 1
298 74 74 1 2 74 1
299 75 75 1 2 75 1
300 76 76 1 2 76 1
333 118 118 1 2 118 1
