33 24 72 1 1 24 1
52 34 43 1 1 34 1
59 37 39 1 1 37 1
60 37 40 1 1 37 1
63 39 37 1 1 39 1
64 39 40 1 1 39 1
65 40 39 1 1 40 1
66 40 41 1 1 40 1
67 40 42 1 1 40 1
68 42 40 1 1 42 1
69 42 41 1 1 42 1
70 43 34 1 1 43 1
71 43 44 1 1 43 1
72 44 43 1 1 44 1
73 44 45 1 1 44 1
74 45 44 1 1 45 1
75 45 46 1 1 45 1
76 45 49 1 1 45 1
77 46 45 1 1 46 1
78 46 47 1 1 46 1
79 46 48 1 1 46 1
80 48 49 1 1 48 1
81 49 42 1 1 49 1
82 49 45 1 1 49 1
83 49 50 1 1 49 1
84 49 51 1 1 49 1
85 49 54 1 1 49 1
86 49 66 1 1 49 1
87 49 69 1 1 49 1
88 50 49 1 1 50 1
89 50 57 1 1 50 1
90 51 49 1 1 51 1
91 51 52 1 1 51 1
92 51 58 1 1 51 1
93 52 51 1 1 52 1
94 52 53 1 1 52 1
95 53 52 1 1 53 1
96 53 54 1 1 53 1
97 54 49 1 1 54 1
98 54 53 1 1 54 1
99 54 56 1 1 54 1
100 54 59 1 1 54 1
101 55 56 1 1 55 1
102 55 59 1 1 55 1
103 56 54 1 1 56 1
104 56 55 1 1 56 1
105 56 57 1 1 56 1
106 56 58 1 1 56 1
107 56 59 1 1 56 1
108 57 50 1 1 57 1
109 57 56 1 1 57 1
110 58 51 1 1 58 1
111 58 56 1 1 58 1
112 59 54 1 1 59 1
113 59 55 1 1 59 1
114 59 60 1 1 59 1
115 59 61 1 1 59 1
116 59 63 1 1 59 1
117 60 59 1 1 60 1
118 60 62 1 1 60 1
119 61 62 1 1 61 1
120 61 64 1 1 61 1
121 62 61 1 1 62 1
122 62 66 1 1 62 1
123 62 67 1 1 62 1
124 63 59 1 1 63 1
125 63 64 1 1 63 1
126 64 61 1 1 64 1
127 64 63 1 1 64 1
128 64 65 1 1 64 1
129 65 38 1 1 65 1
130 65 64 1 1 65 1
131 65 66 1 1 65 1
132 65 68 1 1 65 1
133 66 49 1 1 66 1
134 66 62 1 1 66 1
135 66 65 1 1 66 1
136 66 67 1 1 66 1
137 67 62 1 1 67 1
138 67 66 1 1 67 1
139 68 65 1 1 68 1
140 68 69 1 1 68 1
141 68 81 1 1 68 1
142 68 116 1 1 68 1
143 69 47 1 1 69 1
144 69 49 1 1 69 1
145 69 68 1 1 69 1
146 69 70 1 1 69 1
147 69 75 1 1 69 1
148 69 77 1 1 69 1
149 70 69 1 1 70 1
150 70 71 1 1 70 1
151 70 74 1 1 70 1
152 70 75 1 1 70 1
153 71 70 1 1 71 1
154 71 72 1 1 71 1
155 71 73 1 1 71 1
156 72 24 1 1 72 1
157 72 71 1 1 72 1
158 73 71 1 1 73 1
159 74 70 1 1 74 1
160 75 69 1 1 75 1
161 75 70 1 1 75 1
162 75 74 1 1 75 1
163 75 77 1 1 75 1
164 76 118 1 1 76 1
165 77 69 1 1 77 1
175 81 68 1 1 81 1
249 116 68 1 1 116 1
250 118 75 1 1 118 1
251 118 76 1 1 118 1
271 39 39 1 2 39 1
272 41 41 1 2 41 1
273 42 42 1 2 42 1
274 43 43 1 2 43 1
275 45 45 1 2 45 1
276 46 46 1 2 46 1
277 47 47 1 2 47 1
278 48 48 1 2 48 1
279 49 49 1 2 49 1
280 50 50 1 2 50 1
281 52 52 1 2 52 1
282 53 53 1 2 53 1
283 57 57 1 2 57 1
284 59 59 1 2 59 1
285 60 60 1 2 60 1
286 61 61 1 2 61 1
287 62 62 1 2 62 1
288 63 63 1 2 63 1
289 65 65 1 2 65 1
290 66 66 1 2 66 1
291 67 67 1 2 67 1
292 68 68 1 2 68 1
293 69 69 1 2 69 1
294 70 70 1 2 70 1
295 71 71 1 2 71 1
296 72 72 1 2 72 1
297 73 73 1 2 73 1
298 74 74 1 2 74 1
299 75 75 1 2 75 1
332 116 116 1 2 116 1
333 118 118 1 2 118 1
