1 1 2 1 1 1 1 0
2 1 5 1 1 1 1 0
3 2 1 1 1 2 1 0
4 2 3 1 1 2 1 0
5 2 4 1 1 2 1 0
6 2 5 1 1 2 1 0
7 3 2 1 1 3 1 0
8 3 4 1 1 3 1 0
9 4 2 1 1 4 1 0
10 4 3 1 1 4 1 0
11 4 5 1 1 4 1 0
12 4 7 1 1 4 1 0
13 4 9 1 1 4 1 0
14 6 5 1 1 6 1 0
15 6 11 1 1 6 1 0
16 6 12 1 1 6 1 0
17 6 13 1 1 6 1 0
18 7 4 1 1 7 1 0
19 7 8 1 1 7 1 0
20 7 9 1 1 7 1 0
21 8 7 1 1 8 1 0
22 9 4 1 1 9 1 0
23 9 7 1 1 9 1 0
24 9 10 1 1 9 1 0
25 9 14 1 1 9 1 0
26 1 1 1 2 1 1 0
27 2 2 1 2 2 1 0
28 3 3 1 2 3 1 0
29 4 4 1 2 4 1 0
30 6 6 1 2 6 1 0
31 7 7 1 2 7 1 0
32 8 8 1 2 8 1 0
33 9 9 1 2 9 1 0
