1 3 3 1 3 3 0 0 
2 4 4 1 3 4 0 0 
3 5 5 1 3 5 0 0 
4 7 7 1 3 7 0 0 
5 8 8 1 3 8 0 0 
6 10 10 1 3 10 0 0 
7 12 12 1 3 12 0 0 
8 13 13 1 3 13 0 0 
9 14 14 1 3 14 0 0 
10 15 15 1 3 15 0 0 
11 16 16 1 3 16 0 0 
12 18 18 1 3 18 0 0 
13 21 21 1 3 21 0 0 
14 22 22 1 3 22 0 0 
15 24 24 1 3 24 0 0 
16 25 25 1 3 25 0 0 
17 27 27 1 3 27 0 0 
18 28 28 1 3 28 0 0 
19 30 30 1 3 30 0 0 
20 34 34 1 3 34 0 0 
21 35 35 1 3 35 0 0 
22 36 36 1 3 36 0 0 
23 41 41 1 3 41 0 0 
24 45 45 1 3 45 0 0 
25 46 46 1 3 46 0 0 
26 47 47 1 3 47 0 0 
27 48 48 1 3 48 0 0 
28 49 49 1 3 49 0 0 
29 50 50 1 3 50 0 0 
30 55 55 1 3 55 0 0 
31 57 57 1 3 57 0 0 
32 59 59 1 3 59 0 0 
33 60 60 1 3 60 0 0 
34 64 64 1 3 64 0 0 
35 66 66 1 3 66 0 0 
36 72 72 1 3 72 0 0 
37 73 73 1 3 73 0 0 
38 75 75 1 3 75 0 0 
39 76 76 1 3 76 0 0 
40 82 82 1 3 82 0 0 
41 85 85 1 3 85 0 0 
42 86 86 1 3 86 0 0 
43 87 87 1 3 87 0 0 
44 88 88 1 3 88 0 0 
45 93 93 1 3 93 0 0 
46 97 97 1 3 97 0 0 
47 100 100 1 3 100 0 0 
48 101 101 1 3 101 0 0 
49 103 103 1 3 103 0 0 
50 107 107 1 3 107 0 0 
51 108 108 1 3 108 0 0 
52 109 109 1 3 109 0 0 
53 112 112 1 3 112 0 0 
54 114 114 1 3 114 0 0 
55 117 117 1 3 117 0 0 
56 2 2 1 2 2 0 0 
57 4 4 1 2 4 0 0 
58 6 6 1 2 6 0 0 
59 8 8 1 2 8 0 0 
60 10 10 1 2 10 0 0 
61 12 12 1 2 12 0 0 
62 13 13 1 2 13 0 0 
63 15 15 1 2 15 0 0 
64 18 18 1 2 18 0 0 
65 19 19 1 2 19 0 0 
66 20 20 1 2 20 0 0 
67 21 21 1 2 21 0 0 
68 22 22 1 2 22 0 0 
69 25 25 1 2 25 0 0 
70 26 26 1 2 26 0 0 
71 27 27 1 2 27 0 0 
72 28 28 1 2 28 0 0 
73 30 30 1 2 30 0 0 
74 32 32 1 2 32 0 0 
75 33 33 1 2 33 0 0 
76 34 34 1 2 34 0 0 
77 39 39 1 2 39 0 0 
78 41 41 1 2 41 0 0 
79 42 42 1 2 42 0 0 
80 43 43 1 2 43 0 0 
81 44 44 1 2 44 0 0 
82 49 49 1 2 49 0 0 
83 50 50 1 2 50 0 0 
84 51 51 1 2 51 0 0 
85 52 52 1 2 52 0 0 
86 58 58 1 2 58 0 0 
87 62 62 1 2 62 0 0 
88 66 66 1 2 66 0 0 
89 67 67 1 2 67 0 0 
90 70 70 1 2 70 0 0 
91 71 71 1 2 71 0 0 
92 72 72 1 2 72 0 0 
93 78 78 1 2 78 0 0 
94 79 79 1 2 79 0 0 
95 83 83 1 2 83 0 0 
96 84 84 1 2 84 0 0 
97 85 85 1 2 85 0 0 
98 87 87 1 2 87 0 0 
99 88 88 1 2 88 0 0 
100 91 91 1 2 91 0 0 
101 93 93 1 2 93 0 0 
102 95 95 1 2 95 0 0 
103 96 96 1 2 96 0 0 
104 99 99 1 2 99 0 0 
105 100 100 1 2 100 0 0 
106 101 101 1 2 101 0 0 
107 102 102 1 2 102 0 0 
108 103 103 1 2 103 0 0 
109 107 107 1 2 107 0 0 
110 111 111 1 2 111 0 0 
111 113 113 1 2 113 0 0 
112 114 114 1 2 114 0 0 
113 115 115 1 2 115 0 0 
114 116 116 1 2 116 0 0 
115 117 117 1 2 117 0 0 
116 118 118 1 2 118 0 0 
117 2 1 1 1 1 0 0 
118 3 1 1 1 1 0 0 
119 3 5 1 1 5 0 0 
120 4 5 1 1 5 0 0 
121 5 4 1 1 4 0 0 
122 5 11 1 1 11 0 0 
123 6 7 1 1 7 0 0 
124 7 6 1 1 6 0 0 
125 8 5 1 1 5 0 0 
126 8 30 1 1 30 0 0 
127 9 8 1 1 8 0 0 
128 10 9 1 1 9 0 0 
129 11 5 1 1 5 0 0 
130 12 2 1 1 2 0 0 
131 12 7 1 1 7 0 0 
132 12 14 1 1 14 0 0 
133 14 15 1 1 15 0 0 
134 15 13 1 1 13 0 0 
135 15 19 1 1 19 0 0 
136 16 17 1 1 17 0 0 
137 17 16 1 1 16 0 0 
138 17 18 1 1 18 0 0 
139 17 30 1 1 30 0 0 
140 17 31 1 1 31 0 0 
141 17 113 1 1 113 0 0 
142 18 17 1 1 17 0 0 
143 18 19 1 1 19 0 0 
144 19 15 1 1 15 0 0 
145 19 20 1 1 20 0 0 
146 19 34 1 1 34 0 0 
147 20 21 1 1 21 0 0 
148 22 21 1 1 21 0 0 
149 22 23 1 1 23 0 0 
150 23 22 1 1 22 0 0 
151 23 24 1 1 24 0 0 
152 24 23 1 1 23 0 0 
153 24 70 1 1 70 0 0 
154 24 72 1 1 72 0 0 
155 25 26 1 1 26 0 0 
156 25 27 1 1 27 0 0 
157 26 30 1 1 30 0 0 
158 27 25 1 1 25 0 0 
159 27 32 1 1 32 0 0 
160 27 115 1 1 115 0 0 
161 29 28 1 1 28 0 0 
162 29 31 1 1 31 0 0 
163 30 38 1 1 38 0 0 
164 31 17 1 1 17 0 0 
165 31 29 1 1 29 0 0 
166 31 32 1 1 32 0 0 
167 32 23 1 1 23 0 0 
168 32 27 1 1 27 0 0 
169 32 113 1 1 113 0 0 
170 33 37 1 1 37 0 0 
171 34 19 1 1 19 0 0 
172 34 36 1 1 36 0 0 
173 34 37 1 1 37 0 0 
174 34 43 1 1 43 0 0 
175 36 35 1 1 35 0 0 
176 37 34 1 1 34 0 0 
177 37 35 1 1 35 0 0 
178 37 39 1 1 39 0 0 
179 37 40 1 1 40 0 0 
180 38 30 1 1 30 0 0 
181 38 65 1 1 65 0 0 
182 39 40 1 1 40 0 0 
183 40 37 1 1 37 0 0 
184 42 49 1 1 49 0 0 
185 43 34 1 1 34 0 0 
186 45 44 1 1 44 0 0 
187 45 46 1 1 46 0 0 
188 46 47 1 1 47 0 0 
189 46 48 1 1 48 0 0 
190 47 49 1 1 49 0 0 
191 47 69 1 1 69 0 0 
192 48 46 1 1 46 0 0 
193 48 49 1 1 49 0 0 
194 49 42 1 1 42 0 0 
195 49 45 1 1 45 0 0 
196 49 47 1 1 47 0 0 
197 49 48 1 1 48 0 0 
198 49 50 1 1 50 0 0 
199 49 54 1 1 54 0 0 
200 50 49 1 1 49 0 0 
201 51 49 1 1 49 0 0 
202 51 52 1 1 52 0 0 
203 52 53 1 1 53 0 0 
204 54 49 1 1 49 0 0 
205 55 54 1 1 54 0 0 
206 56 54 1 1 54 0 0 
207 56 58 1 1 58 0 0 
208 57 56 1 1 56 0 0 
209 58 56 1 1 56 0 0 
210 59 55 1 1 55 0 0 
211 59 60 1 1 60 0 0 
212 59 61 1 1 61 0 0 
213 60 59 1 1 59 0 0 
214 60 61 1 1 61 0 0 
215 62 60 1 1 60 0 0 
216 63 59 1 1 59 0 0 
217 64 61 1 1 61 0 0 
218 64 63 1 1 63 0 0 
219 64 65 1 1 65 0 0 
220 66 49 1 1 49 0 0 
221 66 65 1 1 65 0 0 
222 66 67 1 1 67 0 0 
223 67 62 1 1 62 0 0 
224 67 66 1 1 66 0 0 
225 68 69 1 1 69 0 0 
226 68 81 1 1 81 0 0 
227 68 116 1 1 116 0 0 
228 70 74 1 1 74 0 0 
229 70 75 1 1 75 0 0 
230 71 70 1 1 70 0 0 
231 71 73 1 1 73 0 0 
232 72 71 1 1 71 0 0 
233 74 75 1 1 75 0 0 
234 75 70 1 1 70 0 0 
235 75 74 1 1 74 0 0 
236 75 118 1 1 118 0 0 
237 77 82 1 1 82 0 0 
238 78 79 1 1 79 0 0 
239 79 78 1 1 78 0 0 
240 80 77 1 1 77 0 0 
241 80 79 1 1 79 0 0 
242 80 96 1 1 96 0 0 
243 80 97 1 1 97 0 0 
244 80 98 1 1 98 0 0 
245 81 80 1 1 80 0 0 
246 82 77 1 1 77 0 0 
247 82 83 1 1 83 0 0 
248 82 96 1 1 96 0 0 
249 83 82 1 1 82 0 0 
250 83 84 1 1 84 0 0 
251 85 86 1 1 86 0 0 
252 85 89 1 1 89 0 0 
253 86 87 1 1 87 0 0 
254 87 86 1 1 86 0 0 
255 88 89 1 1 89 0 0 
256 89 85 1 1 85 0 0 
257 89 88 1 1 88 0 0 
258 91 90 1 1 90 0 0 
259 92 89 1 1 89 0 0 
260 92 91 1 1 91 0 0 
261 92 94 1 1 94 0 0 
262 92 100 1 1 100 0 0 
263 92 102 1 1 102 0 0 
264 94 92 1 1 92 0 0 
265 94 93 1 1 93 0 0 
266 94 95 1 1 95 0 0 
267 94 100 1 1 100 0 0 
268 95 94 1 1 94 0 0 
269 95 96 1 1 96 0 0 
270 96 80 1 1 80 0 0 
271 96 82 1 1 82 0 0 
272 96 95 1 1 95 0 0 
273 96 97 1 1 97 0 0 
274 97 96 1 1 96 0 0 
275 98 80 1 1 80 0 0 
276 98 100 1 1 100 0 0 
277 99 80 1 1 80 0 0 
278 99 100 1 1 100 0 0 
279 100 94 1 1 94 0 0 
280 100 101 1 1 101 0 0 
281 100 103 1 1 103 0 0 
282 101 100 1 1 100 0 0 
283 102 101 1 1 101 0 0 
284 104 103 1 1 103 0 0 
285 105 103 1 1 103 0 0 
286 105 104 1 1 104 0 0 
287 105 106 1 1 106 0 0 
288 105 107 1 1 107 0 0 
289 105 108 1 1 108 0 0 
290 106 100 1 1 100 0 0 
291 106 105 1 1 105 0 0 
292 106 107 1 1 107 0 0 
293 108 109 1 1 109 0 0 
294 110 103 1 1 103 0 0 
295 110 111 1 1 111 0 0 
296 111 110 1 1 110 0 0 
297 113 17 1 1 17 0 0 
298 114 32 1 1 32 0 0 
299 115 27 1 1 27 0 0 
300 116 68 1 1 68 0 0 
