7.889473980042118750e-01 -5.525152489878892847e-02 2.110526019957881250e-01 5.525152489878892847e-02 9.252972671143866457e-02 9.696581346308408289e-02 -1.035249045356345654e-03 3.400837706289072671e-03 -9.252972671143866457e-02 1.035249045356345654e-03 5.192520418593860043e-02 3.661242399246356083e-02 4.436086751645418325e-03 -5.192520418593860043e-02 -3.661242399246356083e-02 -9.696581346308408289e-02 -3.400837706289072671e-03 3.530798775212040663e-02 4.399195736960836989e-02 3.023397012115658367e-02 -3.530798775212040663e-02 -3.023397012115658367e-02 4.731177321866786301e-03
-5.525152489878903950e-02 7.560280540792522208e-01 5.525152489878903950e-02 2.439719459207477792e-01 3.941706359565566586e-02 2.895427260520944124e-02 5.804955272505463171e-03 -4.657835717940761455e-03 -3.941706359565566586e-02 -5.804955272505463171e-03 5.336548221265613456e-03 4.624938708329329184e-02 -1.046279099044622463e-02 -5.336548221265613456e-03 -4.624938708329329184e-02 -2.895427260520944124e-02 4.657835717940761455e-03 5.276909979368027415e-03 6.591349759848319501e-03 4.259625266734623494e-03 -5.276909979368027415e-03 -4.259625266734623494e-03 2.294239109128515253e-03
2.110526019957881250e-01 5.525152489878892847e-02 7.889473980042118750e-01 -5.525152489878892847e-02 -9.252972671143866457e-02 -9.696581346308408289e-02 1.035249045356345654e-03 -3.400837706289072671e-03 9.252972671143866457e-02 -1.035249045356345654e-03 -5.192520418593860043e-02 -3.661242399246356083e-02 -4.436086751645418325e-03 5.192520418593860043e-02 3.661242399246356083e-02 9.696581346308408289e-02 3.400837706289072671e-03 -3.530798775212040663e-02 -4.399195736960836989e-02 -3.023397012115658367e-02 3.530798775212040663e-02 3.023397012115658367e-02 -4.731177321866786301e-03
5.525152489878903950e-02 2.439719459207477792e-01 -5.525152489878903950e-02 7.560280540792522208e-01 -3.941706359565566586e-02 -2.895427260520944124e-02 -5.804955272505463171e-03 4.657835717940761455e-03 3.941706359565566586e-02 5.804955272505463171e-03 -5.336548221265613456e-03 -4.624938708329329184e-02 1.046279099044622463e-02 5.336548221265613456e-03 4.624938708329329184e-02 2.895427260520944124e-02 -4.657835717940761455e-03 -5.276909979368027415e-03 -6.591349759848319501e-03 -4.259625266734623494e-03 5.276909979368027415e-03 4.259625266734623494e-03 -2.294239109128515253e-03
9.252972671143855354e-02 3.941706359565544382e-02 -9.252972671143855354e-02 -3.941706359565544382e-02 7.510277398717506436e-01 -1.268557328938824114e-01 -6.483465178206748725e-02 5.728187545229945776e-02 2.489722601282493564e-01 6.483465178206748725e-02 5.220671300545842719e-02 6.536053467064195655e-02 1.221165272343669450e-01 -5.220671300545842719e-02 -6.536053467064195655e-02 1.268557328938824114e-01 -5.728187545229945776e-02 1.210816216648724630e-02 1.417223570249970255e-02 1.115671926425965133e-02 -1.210816216648724630e-02 -1.115671926425965133e-02 -1.510555265953739124e-02
9.696581346308430494e-02 2.895427260520910817e-02 -9.696581346308430494e-02 -2.895427260520910817e-02 -1.268557328938821893e-01 8.229978284709713598e-01 6.075681436265778501e-02 1.061037572751133418e-02 1.268557328938821893e-01 -6.075681436265778501e-02 1.026868796529845085e-02 1.999645753912759893e-02 -5.014643863514645084e-02 -1.026868796529845085e-02 -1.999645753912759893e-02 1.770021715290286402e-01 -1.061037572751133418e-02 -2.309087151343325317e-02 -2.170277918403273887e-02 -2.901020355886163582e-02 2.309087151343325317e-02 2.901020355886163582e-02 1.427343801803361290e-01
-1.035249045356789743e-03 5.804955272505685215e-03 1.035249045356789743e-03 -5.804955272505685215e-03 -6.483465178206748725e-02 6.075681436265711888e-02 6.825079065278079060e-01 -1.919006273274674879e-01 6.483465178206748725e-02 3.174920934721920940e-01 2.181125303498165913e-02 2.370989298227554887e-02 1.255914661447246061e-01 -2.181125303498165913e-02 -2.370989298227554887e-02 -6.075681436265711888e-02 1.919006273274674879e-01 -8.068835808079710681e-03 -1.079270994263048511e-02 -5.476242668689401683e-03 8.068835808079710681e-03 5.476242668689401683e-03 -1.878544159931383462e-02
3.400837706288961648e-03 -4.657835717940650433e-03 -3.400837706288961648e-03 4.657835717940650433e-03 5.728187545229967981e-02 1.061037572751089009e-02 -1.919006273274668217e-01 7.614278729477443886e-01 -5.728187545229967981e-02 1.919006273274668217e-01 -2.012677200517831722e-02 -2.165418414923880874e-02 -4.667149972478878972e-02 2.012677200517831722e-02 2.165418414923880874e-02 -1.061037572751089009e-02 2.385721270522556114e-01 -4.326786948800021015e-02 -4.666772482916292653e-02 -4.564316549181068883e-02 4.326786948800021015e-02 4.564316549181068883e-02 1.390544912405596856e-01
-9.252972671143855354e-02 -3.941706359565544382e-02 9.252972671143855354e-02 3.941706359565544382e-02 2.489722601282493564e-01 1.268557328938824114e-01 6.483465178206748725e-02 -5.728187545229945776e-02 7.510277398717506436e-01 -6.483465178206748725e-02 -5.220671300545842719e-02 -6.536053467064195655e-02 -1.221165272343669450e-01 5.220671300545842719e-02 6.536053467064195655e-02 -1.268557328938824114e-01 5.728187545229945776e-02 -1.210816216648724630e-02 -1.417223570249970255e-02 -1.115671926425965133e-02 1.210816216648724630e-02 1.115671926425965133e-02 1.510555265953739124e-02
1.035249045356789743e-03 -5.804955272505685215e-03 -1.035249045356789743e-03 5.804955272505685215e-03 6.483465178206748725e-02 -6.075681436265711888e-02 3.174920934721920940e-01 1.919006273274674879e-01 -6.483465178206748725e-02 6.825079065278079060e-01 -2.181125303498165913e-02 -2.370989298227554887e-02 -1.255914661447246061e-01 2.181125303498165913e-02 2.370989298227554887e-02 6.075681436265711888e-02 -1.919006273274674879e-01 8.068835808079710681e-03 1.079270994263048511e-02 5.476242668689401683e-03 -8.068835808079710681e-03 -5.476242668689401683e-03 1.878544159931383462e-02
5.192520418593860043e-02 5.336548221265502434e-03 -5.192520418593860043e-02 -5.336548221265502434e-03 5.220671300545864923e-02 1.026868796529900596e-02 2.181125303498054890e-02 -2.012677200517909437e-02 -5.220671300545864923e-02 -2.181125303498054890e-02 7.643482495938668242e-01 -3.410817883462768929e-02 -4.193802504015964328e-02 2.356517504061331758e-01 3.410817883462768929e-02 -1.026868796529900596e-02 2.012677200517909437e-02 -1.574380949757503423e-02 -1.921382013358463592e-02 -1.346951738927582021e-02 1.574380949757503423e-02 1.346951738927582021e-02 3.368962059604241333e-03
3.661242399246411594e-02 4.624938708329373593e-02 -3.661242399246411594e-02 -4.624938708329373593e-02 6.536053467064117939e-02 1.999645753912726587e-02 2.370989298227554887e-02 -2.165418414923836465e-02 -6.536053467064117939e-02 -2.370989298227554887e-02 -3.410817883462780031e-02 6.479456520397387509e-01 -4.536407713151391352e-02 3.410817883462780031e-02 3.520543479602612491e-01 -1.999645753912726587e-02 2.165418414923836465e-02 -1.396944605229533121e-02 -1.697314249102221950e-02 -1.196779753223220499e-02 1.396944605229533121e-02 1.196779753223220499e-02 4.111417666075256605e-03
4.436086751645751391e-03 -1.046279099044633565e-02 -4.436086751645751391e-03 1.046279099044633565e-02 1.221165272343671671e-01 -5.014643863514622879e-02 1.255914661447252723e-01 -4.667149972478812359e-02 -1.221165272343671671e-01 -1.255914661447252723e-01 -4.193802504015997634e-02 -4.536407713151435761e-02 8.277370341304866042e-01 4.193802504015997634e-02 4.536407713151435761e-02 5.014643863514622879e-02 4.667149972478812359e-02 -3.519903367992049947e-02 -3.587501488653244142e-02 -4.016692282312128714e-02 3.519903367992049947e-02 4.016692282312128714e-02 1.578399328398735202e-01
-5.192520418593860043e-02 -5.336548221265502434e-03 5.192520418593860043e-02 5.336548221265502434e-03 -5.220671300545864923e-02 -1.026868796529900596e-02 -2.181125303498054890e-02 2.012677200517909437e-02 5.220671300545864923e-02 2.181125303498054890e-02 2.356517504061331758e-01 3.410817883462768929e-02 4.193802504015964328e-02 7.643482495938668242e-01 -3.410817883462768929e-02 1.026868796529900596e-02 -2.012677200517909437e-02 1.574380949757503423e-02 1.921382013358463592e-02 1.346951738927582021e-02 -1.574380949757503423e-02 -1.346951738927582021e-02 -3.368962059604241333e-03
-3.661242399246411594e-02 -4.624938708329373593e-02 3.661242399246411594e-02 4.624938708329373593e-02 -6.536053467064117939e-02 -1.999645753912726587e-02 -2.370989298227554887e-02 2.165418414923836465e-02 6.536053467064117939e-02 2.370989298227554887e-02 3.410817883462780031e-02 3.520543479602612491e-01 4.536407713151391352e-02 -3.410817883462780031e-02 6.479456520397387509e-01 1.999645753912726587e-02 -2.165418414923836465e-02 1.396944605229533121e-02 1.697314249102221950e-02 1.196779753223220499e-02 -1.396944605229533121e-02 -1.196779753223220499e-02 -4.111417666075256605e-03
-9.696581346308430494e-02 -2.895427260520910817e-02 9.696581346308430494e-02 2.895427260520910817e-02 1.268557328938821893e-01 1.770021715290286402e-01 -6.075681436265778501e-02 -1.061037572751133418e-02 -1.268557328938821893e-01 6.075681436265778501e-02 -1.026868796529845085e-02 -1.999645753912759893e-02 5.014643863514645084e-02 1.026868796529845085e-02 1.999645753912759893e-02 8.229978284709713598e-01 1.061037572751133418e-02 2.309087151343325317e-02 2.170277918403273887e-02 2.901020355886163582e-02 -2.309087151343325317e-02 -2.901020355886163582e-02 -1.427343801803361290e-01
-3.400837706288961648e-03 4.657835717940650433e-03 3.400837706288961648e-03 -4.657835717940650433e-03 -5.728187545229967981e-02 -1.061037572751089009e-02 1.919006273274668217e-01 2.385721270522556114e-01 5.728187545229967981e-02 -1.919006273274668217e-01 2.012677200517831722e-02 2.165418414923880874e-02 4.667149972478878972e-02 -2.012677200517831722e-02 -2.165418414923880874e-02 1.061037572751089009e-02 7.614278729477443886e-01 4.326786948800021015e-02 4.666772482916292653e-02 4.564316549181068883e-02 -4.326786948800021015e-02 -4.564316549181068883e-02 -1.390544912405596856e-01
3.530798775212007357e-02 5.276909979367916392e-03 -3.530798775212007357e-02 -5.276909979367916392e-03 1.210816216648735733e-02 -2.309087151343314215e-02 -8.068835808080598859e-03 -4.326786948800109833e-02 -1.210816216648735733e-02 8.068835808080598859e-03 -1.574380949757503423e-02 -1.396944605229555325e-02 -3.519903367992049947e-02 1.574380949757503423e-02 1.396944605229555325e-02 2.309087151343314215e-02 4.326786948800109833e-02 8.716562458710094274e-01 -6.972153451870566343e-02 -6.165896625820121990e-03 1.283437541289905726e-01 6.165896625820121990e-03 -1.026734105921616180e-01
4.399195736960792580e-02 6.591349759848097456e-03 -4.399195736960792580e-02 -6.591349759848097456e-03 1.417223570250025766e-02 -2.170277918403196171e-02 -1.079270994263170635e-02 -4.666772482916392573e-02 -1.417223570250025766e-02 1.079270994263170635e-02 -1.921382013358463592e-02 -1.697314249102255257e-02 -3.587501488653221937e-02 1.921382013358463592e-02 1.697314249102255257e-02 2.170277918403196171e-02 4.666772482916392573e-02 -6.972153451870577445e-02 8.865101265468808833e-01 -3.595498047149492393e-02 6.972153451870577445e-02 3.595498047149492393e-02 -1.149208695435917083e-01
3.023397012115647264e-02 4.259625266734956561e-03 -3.023397012115647264e-02 -4.259625266734956561e-03 1.115671926426076155e-02 -2.901020355886019253e-02 -5.476242668691289062e-03 -4.564316549181224314e-02 -1.115671926426076155e-02 5.476242668691289062e-03 -1.346951738927615327e-02 -1.196779753223242704e-02 -4.016692282312095408e-02 1.346951738927615327e-02 1.196779753223242704e-02 2.901020355886019253e-02 4.564316549181224314e-02 -6.165896625820344035e-03 -3.595498047149470189e-02 8.250617689025114831e-01 6.165896625820344035e-03 1.749382310974885169e-01 -1.022388163210101730e-01
-3.530798775212007357e-02 -5.276909979367916392e-03 3.530798775212007357e-02 5.276909979367916392e-03 -1.210816216648735733e-02 2.309087151343314215e-02 8.068835808080598859e-03 4.326786948800109833e-02 1.210816216648735733e-02 -8.068835808080598859e-03 1.574380949757503423e-02 1.396944605229555325e-02 3.519903367992049947e-02 -1.574380949757503423e-02 -1.396944605229555325e-02 -2.309087151343314215e-02 -4.326786948800109833e-02 1.283437541289905726e-01 6.972153451870566343e-02 6.165896625820121990e-03 8.716562458710094274e-01 -6.165896625820121990e-03 1.026734105921616180e-01
-3.023397012115647264e-02 -4.259625266734956561e-03 3.023397012115647264e-02 4.259625266734956561e-03 -1.115671926426076155e-02 2.901020355886019253e-02 5.476242668691289062e-03 4.564316549181224314e-02 1.115671926426076155e-02 -5.476242668691289062e-03 1.346951738927615327e-02 1.196779753223242704e-02 4.016692282312095408e-02 -1.346951738927615327e-02 -1.196779753223242704e-02 -2.901020355886019253e-02 -4.564316549181224314e-02 6.165896625820344035e-03 3.595498047149470189e-02 1.749382310974885169e-01 -6.165896625820344035e-03 8.250617689025114831e-01 1.022388163210101730e-01
4.731177321865676078e-03 2.294239109128737297e-03 -4.731177321865676078e-03 -2.294239109128737297e-03 -1.510555265953628101e-02 1.427343801803387935e-01 -1.878544159931949675e-02 1.390544912405555777e-01 1.510555265953628101e-02 1.878544159931949675e-02 3.368962059603797243e-03 4.111417666075034560e-03 1.578399328398750745e-01 -3.368962059603797243e-03 -4.111417666075034560e-03 -1.427343801803387935e-01 -1.390544912405555777e-01 -1.026734105921627282e-01 -1.149208695435914862e-01 -1.022388163210103951e-01 1.026734105921627282e-01 1.022388163210103951e-01 2.405380992824659447e-01
