141 68 81 1 1 68 1
167 78 79 1 1 78 1
168 79 80 1 1 79 1
169 80 77 1 1 80 1
170 80 79 1 1 80 1
171 80 96 1 1 80 1
172 80 97 1 1 80 1
173 80 98 1 1 80 1
174 80 99 1 1 80 1
175 81 68 1 1 81 1
176 81 80 1 1 81 1
177 82 77 1 1 82 1
178 82 83 1 1 82 1
179 82 96 1 1 82 1
200 92 94 1 1 92 1
204 93 94 1 1 93 1
205 94 92 1 1 94 1
206 94 93 1 1 94 1
207 94 95 1 1 94 1
208 94 100 1 1 94 1
209 95 94 1 1 95 1
210 96 80 1 1 96 1
211 96 82 1 1 96 1
212 96 94 1 1 96 1
213 96 95 1 1 96 1
214 96 97 1 1 96 1
215 98 80 1 1 98 1
216 99 80 1 1 99 1
217 99 100 1 1 99 1
219 100 94 1 1 100 1
220 100 98 1 1 100 1
221 100 99 1 1 100 1
303 79 79 1 2 79 1
304 80 80 1 2 80 1
305 81 81 1 2 81 1
306 82 82 1 2 82 1
317 94 94 1 2 94 1
318 95 95 1 2 95 1
319 96 96 1 2 96 1
320 97 97 1 2 97 1
321 98 98 1 2 98 1
322 99 99 1 2 99 1
