6 5 8 1 1 5 1
8 9 8 1 1 9 1
9 9 10 1 1 9 1
23 19 18 1 1 19 1
24 19 20 1 1 19 1
26 21 20 1 1 21 1
27 21 22 1 1 21 1
28 23 22 1 1 23 1
29 23 24 1 1 23 1
30 23 25 1 1 23 1
31 23 32 1 1 23 1
32 24 23 1 1 24 1
33 24 72 1 1 24 1
34 27 25 1 1 27 1
35 27 28 1 1 27 1
36 27 32 1 1 27 1
37 27 115 1 1 27 1
38 29 28 1 1 29 1
39 29 31 1 1 29 1
40 30 8 1 1 30 1
41 30 17 1 1 30 1
42 30 26 1 1 30 1
43 30 38 1 1 30 1
44 32 23 1 1 32 1
45 32 27 1 1 32 1
46 32 31 1 1 32 1
47 32 113 1 1 32 1
48 32 114 1 1 32 1
52 34 43 1 1 34 1
61 38 30 1 1 38 1
66 40 41 1 1 40 1
69 42 41 1 1 42 1
70 43 34 1 1 43 1
71 43 44 1 1 43 1
72 44 43 1 1 44 1
73 44 45 1 1 44 1
74 45 44 1 1 45 1
89 50 57 1 1 50 1
105 56 57 1 1 56 1
108 57 50 1 1 57 1
109 57 56 1 1 57 1
114 59 60 1 1 59 1
115 59 61 1 1 59 1
116 59 63 1 1 59 1
117 60 59 1 1 60 1
118 60 62 1 1 60 1
119 61 62 1 1 61 1
120 61 64 1 1 61 1
121 62 61 1 1 62 1
122 62 66 1 1 62 1
123 62 67 1 1 62 1
124 63 59 1 1 63 1
125 63 64 1 1 63 1
126 64 61 1 1 64 1
127 64 63 1 1 64 1
128 64 65 1 1 64 1
129 65 38 1 1 65 1
130 65 64 1 1 65 1
131 65 66 1 1 65 1
132 65 68 1 1 65 1
134 66 62 1 1 66 1
135 66 65 1 1 66 1
136 66 67 1 1 66 1
137 67 62 1 1 67 1
138 67 66 1 1 67 1
139 68 65 1 1 68 1
140 68 69 1 1 68 1
141 68 81 1 1 68 1
142 68 116 1 1 68 1
145 69 68 1 1 69 1
150 70 71 1 1 70 1
153 71 70 1 1 71 1
154 71 72 1 1 71 1
155 71 73 1 1 71 1
156 72 24 1 1 72 1
157 72 71 1 1 72 1
158 73 71 1 1 73 1
164 76 118 1 1 76 1
166 77 76 1 1 77 1
167 78 79 1 1 78 1
175 81 68 1 1 81 1
178 82 83 1 1 82 1
180 83 85 1 1 83 1
181 84 85 1 1 84 1
182 85 83 1 1 85 1
183 85 84 1 1 85 1
184 85 86 1 1 85 1
185 85 88 1 1 85 1
186 86 85 1 1 86 1
187 86 87 1 1 86 1
188 87 86 1 1 87 1
189 88 85 1 1 88 1
190 88 89 1 1 88 1
191 89 88 1 1 89 1
192 89 90 1 1 89 1
193 89 92 1 1 89 1
194 90 89 1 1 90 1
195 90 91 1 1 90 1
196 91 90 1 1 91 1
197 91 92 1 1 91 1
198 92 91 1 1 92 1
199 92 93 1 1 92 1
200 92 94 1 1 92 1
201 92 100 1 1 92 1
202 92 102 1 1 92 1
203 93 92 1 1 93 1
204 93 94 1 1 93 1
205 94 92 1 1 94 1
206 94 93 1 1 94 1
218 100 92 1 1 100 1
222 100 101 1 1 100 1
226 101 100 1 1 101 1
227 101 102 1 1 101 1
228 102 92 1 1 102 1
229 102 101 1 1 102 1
232 103 110 1 1 103 1
243 108 109 1 1 108 1
244 109 108 1 1 109 1
245 110 103 1 1 110 1
246 110 109 1 1 110 1
247 110 111 1 1 110 1
248 112 110 1 1 112 1
249 116 68 1 1 116 1
250 118 75 1 1 118 1
251 118 76 1 1 118 1
254 9 9 1 2 9 1
258 21 21 1 2 21 1
259 23 23 1 2 23 1
260 24 24 1 2 24 1
261 27 27 1 2 27 1
262 29 29 1 2 29 1
263 30 30 1 2 30 1
264 32 32 1 2 32 1
272 41 41 1 2 41 1
274 43 43 1 2 43 1
283 57 57 1 2 57 1
285 60 60 1 2 60 1
286 61 61 1 2 61 1
287 62 62 1 2 62 1
288 63 63 1 2 63 1
289 65 65 1 2 65 1
291 67 67 1 2 67 1
292 68 68 1 2 68 1
295 71 71 1 2 71 1
296 72 72 1 2 72 1
297 73 73 1 2 73 1
300 76 76 1 2 76 1
302 78 78 1 2 78 1
307 83 83 1 2 83 1
308 85 85 1 2 85 1
309 86 86 1 2 86 1
310 87 87 1 2 87 1
311 88 88 1 2 88 1
312 89 89 1 2 89 1
313 90 90 1 2 90 1
314 91 91 1 2 91 1
315 92 92 1 2 92 1
316 93 93 1 2 93 1
323 101 101 1 2 101 1
324 102 102 1 2 102 1
328 109 109 1 2 109 1
329 110 110 1 2 110 1
330 111 111 1 2 111 1
331 112 112 1 2 112 1
332 116 116 1 2 116 1
333 118 118 1 2 118 1
