87 49 69 1 1 49 1
140 68 69 1 1 68 1
143 69 47 1 1 69 1
144 69 49 1 1 69 1
145 69 68 1 1 69 1
146 69 70 1 1 69 1
147 69 75 1 1 69 1
148 69 77 1 1 69 1
149 70 69 1 1 70 1
150 70 71 1 1 70 1
151 70 74 1 1 70 1
152 70 75 1 1 70 1
153 71 70 1 1 71 1
159 74 70 1 1 74 1
160 75 69 1 1 75 1
161 75 70 1 1 75 1
162 75 74 1 1 75 1
163 75 77 1 1 75 1
165 77 69 1 1 77 1
166 77 76 1 1 77 1
169 80 77 1 1 80 1
177 82 77 1 1 82 1
250 118 75 1 1 118 1
293 69 69 1 2 69 1
294 70 70 1 2 70 1
298 74 74 1 2 74 1
299 75 75 1 2 75 1
301 77 77 1 2 77 1
